frame_id,timestamp,tracked_features,mature_features,triangulated_features,stereo_anchored_features,parallax,solver_iterations,solver_time_ms,backend_total_time_ms,final_cost,converged,cost_marg,cost_imu,cost_temporal,cost_stereo,cost_cross_cam,velocity_norm,accel_bias_norm,gyro_bias_norm,estimator_total_time_ms,failure_reason
0,1413394882.755760,186,196,301,260,0.234878,11,31.698,31.698,3354.798309,0,0.000000,16.903022,791.934119,116.530899,2429.430269,0.002034,0.026070,0.085463,34.433,0
1,1413394882.855761,184,195,307,264,0.271300,6,20.912,20.913,3346.217455,1,0.000000,16.317343,801.482438,115.772968,2412.644706,0.003303,0.026628,0.085445,23.654,0
2,1413394882.955760,186,194,305,263,0.186333,7,24.449,24.449,3336.469752,1,0.000000,16.406636,802.687070,114.459278,2402.916768,0.002404,0.026726,0.085482,26.849,0
3,1413394883.055760,187,193,309,266,0.176371,11,31.632,31.633,3335.998039,0,0.000000,17.204622,807.019414,114.451813,2397.322190,0.002682,0.027414,0.085436,34.424,0
4,1413394883.155761,188,193,312,270,0.177812,5,17.306,17.306,3336.929749,1,0.000000,17.721239,810.545990,114.418279,2394.244241,0.001305,0.027135,0.085387,19.748,0
5,1413394883.255760,186,193,312,267,0.169554,11,33.134,33.134,3336.864511,0,0.000000,17.279144,808.757717,114.478335,2396.349315,0.001029,0.027664,0.085378,35.721,0
6,1413394883.355761,184,193,308,265,0.150509,11,31.071,31.071,3337.793646,0,0.000000,18.546399,802.872279,114.289163,2402.085805,0.003284,0.028453,0.085397,33.580,0
7,1413394883.455760,187,193,315,271,0.146331,9,29.577,29.577,3340.311879,1,0.000000,18.586056,793.883623,114.091665,2413.750535,0.003688,0.029136,0.085368,31.956,0
8,1413394883.555760,185,193,313,271,0.157194,5,19.372,19.373,3335.919112,1,0.000000,18.704165,797.134890,114.258572,2405.821486,0.003027,0.029523,0.085331,21.897,0
9,1413394883.655761,182,193,313,273,0.187674,11,33.558,33.559,3334.744708,0,0.000000,19.964763,783.427049,112.817842,2418.535053,0.005182,0.031036,0.085287,36.212,0
10,1413394883.755760,187,193,316,270,0.366897,11,33.889,33.889,3368.005747,0,0.000000,18.427978,787.921071,112.759299,2448.897399,0.005395,0.032662,0.085265,36.663,0
11,1413394883.855761,192,193,320,271,0.286405,11,34.836,34.836,3363.711214,0,0.000000,18.928755,796.279252,112.847227,2435.655980,0.005297,0.034019,0.085218,37.256,0
12,1413394883.955760,192,193,322,272,0.217060,7,25.543,25.543,3337.224104,1,0.000000,19.056489,791.557172,112.811465,2413.798978,0.004883,0.034908,0.085250,27.799,0
13,1413394884.055760,186,193,317,270,0.242582,4,16.185,16.185,3329.887789,1,0.000000,19.223086,789.405590,112.943908,2408.315205,0.003260,0.034992,0.085249,18.656,0
14,1413394884.155761,179,192,320,274,0.123853,11,33.865,33.866,3308.367221,0,0.000000,19.512591,789.482047,112.897393,2386.475190,0.004129,0.036280,0.085243,35.953,0
15,1413394884.255760,190,192,323,274,0.180783,11,33.162,33.162,3305.893155,0,0.000000,20.444523,786.870163,112.928289,2385.650180,0.003510,0.036978,0.085255,35.672,0
16,1413394884.355761,186,192,317,268,0.158106,10,32.794,32.795,3316.616336,1,0.000000,20.300630,787.408710,112.974015,2395.932981,0.004805,0.038186,0.085243,35.637,0
17,1413394884.455760,189,192,322,272,0.301634,11,34.183,34.183,3315.701542,0,0.000000,20.226876,788.529405,112.911301,2394.033961,0.006342,0.039009,0.085239,36.664,0
18,1413394884.555760,190,192,326,274,0.250201,11,32.965,32.966,3313.448327,0,0.000000,20.370601,793.218175,112.905104,2386.954447,0.002507,0.040289,0.085244,35.446,0
19,1413394884.655761,187,192,325,275,0.234805,11,33.316,33.317,3343.779885,0,0.000000,20.843324,800.428293,112.900737,2409.607531,0.002971,0.040915,0.085261,34.742,0
20,1413394884.755760,187,192,330,280,0.335308,9,29.448,29.449,3319.005178,1,0.000000,20.206252,784.793213,112.244738,2401.760976,0.002858,0.041476,0.085246,31.257,0
21,1413394884.855761,189,191,328,278,0.277285,11,32.645,32.646,3309.629953,0,0.000000,19.426961,772.537223,112.211013,2405.454756,0.004106,0.042478,0.085212,34.524,0
22,1413394884.955760,193,191,328,277,0.229367,7,22.147,22.148,3294.915535,1,0.000000,19.404486,768.307355,111.973883,2395.229811,0.001804,0.043091,0.085218,23.528,0
23,1413394885.055760,188,191,328,279,0.198104,11,30.389,30.389,3303.602745,0,0.000000,20.514865,773.824527,112.141187,2397.122166,0.002735,0.044367,0.085200,31.900,0
24,1413394885.155761,185,191,326,278,0.185437,11,30.020,30.020,3304.762403,0,0.000000,20.550826,773.578230,112.237515,2398.395832,0.005114,0.045297,0.085212,31.529,0
25,1413394885.255760,189,191,329,279,0.144920,11,28.707,28.708,3283.249780,0,0.000000,20.789892,771.973566,112.190562,2378.295760,0.004486,0.046818,0.085223,30.629,0
26,1413394885.355761,191,191,329,279,0.145543,5,17.187,17.187,3301.807393,1,0.000000,21.587512,775.445507,112.511135,2392.263240,0.004267,0.047317,0.085222,18.927,0
27,1413394885.455760,190,191,330,279,0.171434,7,21.365,21.365,3300.005834,1,0.000000,21.580539,781.810164,112.583155,2384.031975,0.003803,0.048254,0.085246,23.137,0
28,1413394885.555760,185,191,326,277,0.146940,11,30.157,30.158,3280.643375,0,0.000000,21.616202,776.871372,112.534135,2369.621666,0.003896,0.050235,0.085247,32.227,0
29,1413394885.655761,184,191,328,280,0.154555,8,23.424,23.424,3286.151095,1,0.000000,22.010020,780.674685,112.528148,2370.938242,0.004702,0.051539,0.085251,25.076,0
30,1413394885.755760,188,191,332,282,0.145214,4,12.623,12.623,3281.427489,1,0.000000,22.271616,780.944100,112.356505,2365.855268,0.002095,0.052230,0.085250,13.853,0
31,1413394885.855761,188,191,331,278,0.168663,5,15.125,15.125,3271.002287,1,0.000000,22.152116,774.066924,112.243792,2362.539455,0.002369,0.052933,0.085257,16.732,0
32,1413394885.955760,179,191,330,286,0.213127,11,28.556,28.557,3298.098186,0,0.000000,22.126789,769.477338,112.026308,2394.467752,0.003532,0.054952,0.085305,30.345,0
33,1413394886.055760,180,190,326,282,0.537531,8,24.289,24.290,3307.886780,1,0.000000,21.743018,783.613221,112.112885,2390.417656,0.007643,0.056441,0.085324,25.735,0
34,1413394886.155761,182,190,334,287,0.427707,11,28.332,28.333,3295.004475,0,0.000000,21.597448,787.229175,112.435006,2373.742846,0.004191,0.058458,0.085329,29.794,0
35,1413394886.255760,186,190,339,292,0.549965,4,12.966,12.966,3282.277830,1,0.000000,20.867078,789.913506,112.266751,2359.230495,0.006855,0.059061,0.085333,14.393,0
36,1413394886.355761,187,190,333,287,0.708701,11,28.891,28.891,3287.737611,0,0.000000,20.991865,786.351087,112.314016,2368.080642,0.001410,0.060372,0.085307,30.215,0
37,1413394886.455760,184,190,339,292,1.391585,6,17.781,17.781,3282.712030,1,0.000000,21.572708,789.692834,112.228745,2359.217743,0.004061,0.060733,0.085295,19.167,0
38,1413394886.555760,180,190,333,288,1.814354,11,29.686,29.686,3261.031896,0,0.000000,20.863496,787.768457,112.055341,2340.344602,0.007542,0.061317,0.085307,31.469,0
39,1413394886.655761,179,190,334,288,2.861668,11,28.021,28.022,3241.843002,0,0.000000,22.788854,781.379382,112.123939,2325.550827,0.006769,0.061027,0.085328,29.356,0
40,1413394886.755760,178,190,337,286,4.051934,11,28.289,28.289,3234.273818,0,0.000000,21.610637,757.641165,112.153429,2342.868587,0.002125,0.061227,0.085342,29.657,0
41,1413394886.855761,179,190,335,290,5.336200,8,24.465,24.466,3249.824817,1,0.000000,20.867611,767.577125,112.118400,2349.261680,0.018599,0.062023,0.085312,25.929,0
42,1413394886.955760,180,190,343,295,7.033020,11,30.230,30.230,3265.574568,0,0.000000,24.679668,786.306987,111.961419,2342.626495,0.015549,0.083790,0.085291,31.732,0
43,1413394887.055760,174,188,343,298,10.860011,11,29.196,44.493,3253.403606,0,0.000000,21.876617,775.177186,111.851772,2344.498030,0.022863,0.107114,0.085272,45.891,0
44,1413394887.155761,175,186,363,310,3.552370,11,30.781,32.702,5045.354151,0,1822.684889,22.323496,670.751958,109.675151,2419.918657,0.112451,0.138370,0.085288,35.932,0
45,1413394887.255760,170,186,370,316,9.064176,11,30.775,30.776,5062.250726,0,1821.140592,23.747401,696.763383,109.427493,2411.171858,0.137867,0.207490,0.085283,33.495,0
46,1413394887.355761,190,181,386,327,11.019959,7,22.142,41.228,5099.230498,1,1821.208495,24.348385,744.756983,109.143460,2399.773176,0.206700,0.242067,0.085248,43.360,0
47,1413394887.455760,176,180,403,334,5.144430,11,30.258,32.562,7098.145079,0,3598.375736,23.753828,786.893861,128.716794,2560.404860,0.348588,0.508327,0.085213,36.194,0
48,1413394887.555760,186,180,414,339,9.745642,11,34.763,34.763,7247.840963,0,3596.878449,25.954757,840.233869,130.647299,2654.126589,0.463223,0.732510,0.085158,37.423,0
49,1413394887.655761,186,203,430,350,14.009773,11,31.756,51.709,7371.002499,0,3598.006362,28.935763,869.217407,132.365612,2742.477356,0.472254,0.953713,0.085091,54.236,0
50,1413394887.755760,178,200,452,362,3.639590,11,33.657,35.814,9010.406946,0,5280.448821,34.072297,856.681881,132.691367,2706.512580,0.430608,1.117578,0.084984,39.254,0
51,1413394887.855761,179,200,466,377,8.432731,7,25.001,25.002,8992.520164,1,5279.697693,40.438800,843.596345,129.827007,2698.960318,0.352011,1.102593,0.084922,27.251,0
52,1413394887.955760,186,208,478,389,11.928420,9,29.170,47.590,8981.143353,1,5279.182820,47.373804,827.317076,127.975805,2699.293847,0.324577,1.060145,0.084859,49.921,0
53,1413394888.055760,174,206,501,412,2.900395,10,29.741,32.617,10608.907793,1,6801.871416,63.599314,906.192444,130.203718,2707.040901,0.372285,0.994345,0.084764,34.801,0
54,1413394888.155761,168,202,528,417,9.090330,9,18.373,18.374,10409.701711,1,6802.784795,62.852473,833.915564,129.559470,2580.589410,0.445320,0.865236,0.084745,20.556,0
55,1413394888.255760,154,208,566,452,0.000000,11,18.941,35.218,10345.209113,0,6806.249539,66.968863,816.409853,127.218741,2528.362118,0.485073,0.764081,0.084731,37.397,0
56,1413394888.355761,179,183,589,473,13.230780,11,28.324,44.681,11685.124762,0,8130.349475,82.230429,863.593767,137.834423,2471.116669,0.509027,0.717849,0.084663,47.650,0
57,1413394888.455760,190,180,615,482,7.043645,7,18.329,20.770,12772.966971,1,9337.268893,94.844117,940.580989,134.773111,2265.499861,0.550892,0.671158,0.084642,22.970,0
58,1413394888.555760,184,186,633,498,12.492572,5,14.345,23.802,12691.323004,1,9339.563222,97.271948,894.055562,132.598760,2227.833511,0.525649,0.610368,0.084661,26.062,0
59,1413394888.655761,191,183,652,510,7.887660,8,20.169,22.254,13852.510055,1,10325.027890,103.463245,1103.945369,136.839333,2183.234218,0.507751,0.550663,0.084683,24.258,0
60,1413394888.755760,178,190,637,501,16.090528,7,18.751,26.674,13700.092204,1,10325.962766,109.445654,1046.504655,131.377182,2086.801948,0.524248,0.504436,0.084704,28.651,0
61,1413394888.855761,172,193,653,512,13.931435,10,14.878,23.060,14487.418892,1,11150.020550,114.236183,1162.191875,129.267822,1931.702461,0.547905,0.472571,0.084775,25.033,0
62,1413394888.955760,175,191,646,509,17.603041,11,24.549,33.393,15199.409106,0,11875.232817,99.641150,1247.492608,141.247280,1835.795251,0.536451,0.435206,0.084848,35.359,0
63,1413394889.055760,180,193,626,501,14.878975,11,23.924,31.765,15771.979533,0,12634.028318,95.652712,1261.030458,123.618017,1657.650029,0.509783,0.389619,0.084925,33.702,0
64,1413394889.155761,189,201,573,458,10.950061,8,20.809,28.412,16392.358437,1,13269.651464,83.260241,1281.257770,121.056089,1637.132873,0.496402,0.384924,0.084981,30.157,0
65,1413394889.255760,108,197,566,455,0.000000,8,22.338,30.236,16861.662249,1,13871.697556,72.786657,1292.046027,119.676801,1505.455208,0.488963,0.382527,0.085031,32.085,0
66,1413394889.355761,63,187,536,432,0.000000,11,23.554,31.702,17416.849912,0,14461.434557,73.575842,1240.479966,120.522987,1520.836562,0.422761,0.397240,0.085054,33.930,0
67,1413394889.455760,44,177,544,444,0.000000,10,21.857,30.133,17405.401886,1,14998.820110,66.656410,975.578591,113.777977,1250.568798,0.301217,0.400192,0.085037,32.293,0
68,1413394889.555760,67,171,558,448,0.000000,11,21.337,30.207,17605.322592,0,15566.568836,54.425740,819.343238,107.138401,1057.846377,0.235435,0.385805,0.085033,32.072,0
69,1413394889.655761,36,161,548,443,0.000000,7,13.874,24.490,17822.383159,1,16067.186352,48.431955,662.007228,100.271200,944.486425,0.371199,0.382657,0.085035,26.118,0
70,1413394889.755760,54,151,550,427,0.000000,7,13.700,22.630,18127.503770,1,16565.404325,46.850817,554.790775,99.966680,860.491173,0.455683,0.378443,0.085049,24.074,0
71,1413394889.855761,42,93,561,439,0.000000,6,10.819,19.563,18281.085040,1,16975.615308,44.484601,488.243794,88.798401,683.942936,0.426121,0.369446,0.085018,20.835,0
72,1413394889.955760,101,53,633,483,0.000000,7,9.177,13.849,18101.110812,1,17312.586031,47.011236,308.457254,56.768631,376.287660,0.286067,0.409550,0.085040,15.153,0
73,1413394890.055760,138,36,588,462,0.000000,6,6.540,9.267,18145.469391,1,17465.642768,54.281770,327.097181,28.347820,270.099852,0.140312,0.416206,0.085028,10.263,0
74,1413394890.155761,136,61,570,453,0.000000,6,6.755,8.865,18437.468940,1,17531.295720,61.607560,413.212951,25.366106,405.986604,0.278468,0.416649,0.084966,9.821,0
75,1413394890.255760,63,66,547,435,0.000000,5,5.533,7.451,18225.525405,1,17562.579540,49.557721,312.078792,16.744751,284.564601,0.529915,0.405028,0.084995,8.295,0
76,1413394890.355761,68,62,544,417,0.000000,5,7.352,9.805,18273.946964,1,17612.015405,43.030888,318.519148,16.262299,284.119224,0.690939,0.404683,0.085042,10.980,0
77,1413394890.455760,55,61,520,401,0.000000,9,7.857,10.164,18276.644626,1,17624.576221,35.506606,315.921038,19.244425,281.396335,0.703214,0.413441,0.085066,11.345,0
78,1413394890.555760,56,67,519,392,0.000000,3,4.370,6.014,18297.426886,1,17628.494144,34.350186,333.449023,21.573912,279.559621,0.589635,0.427515,0.085084,6.994,0
79,1413394890.655761,72,65,549,430,0.000000,9,5.549,7.308,18414.850503,1,17669.808695,27.082104,379.533324,17.526452,320.899928,0.423439,0.452984,0.085120,8.346,0
80,1413394890.755760,87,63,580,465,0.000000,4,5.416,7.299,18793.407031,1,17652.936058,21.704579,594.596038,17.333782,506.836574,0.253286,0.489865,0.085184,8.325,0
81,1413394890.855761,35,49,548,443,0.000000,10,5.898,8.607,18414.705041,1,17643.248182,24.984915,420.454201,14.856977,311.160766,0.290733,0.525988,0.085193,9.508,0
82,1413394890.955760,53,30,542,412,0.000000,9,5.049,7.537,18173.504795,1,17576.036725,31.506215,344.756625,19.895977,201.309254,0.347925,0.556047,0.085207,8.366,0
83,1413394891.055760,55,25,475,349,0.000000,11,4.883,6.765,18072.005022,0,17621.816822,34.689972,242.683634,12.507891,160.306702,0.324673,0.578006,0.085213,7.528,0
84,1413394891.155761,70,25,509,379,0.000000,11,5.770,6.811,18038.309888,0,17660.157884,46.884224,224.127129,6.872453,100.268199,0.238548,0.597893,0.085235,7.441,0
85,1413394891.255760,146,29,540,421,0.000000,6,4.624,5.695,18115.984574,1,17629.329820,51.938637,268.473057,4.411243,161.831817,0.258736,0.595891,0.085292,6.367,0
86,1413394891.355761,148,36,547,434,0.000000,9,5.624,6.816,18442.217352,1,17642.326193,51.588581,425.571305,7.229300,315.501972,0.451359,0.596179,0.085134,7.471,0
87,1413394891.455760,73,56,541,432,0.000000,6,4.627,5.539,18298.790337,1,17666.877199,40.542129,366.698755,12.354802,212.317453,0.674946,0.608871,0.085146,6.172,0
88,1413394891.555760,121,55,570,426,0.000000,5,4.072,4.945,18283.040393,1,17654.138986,36.913161,355.923387,19.296518,216.768341,0.813426,0.618982,0.085122,5.546,0
89,1413394891.655761,101,61,566,442,0.000000,9,6.710,7.544,18307.335463,1,17642.924610,31.271850,374.119846,20.018220,239.000938,0.869073,0.615908,0.085102,8.236,0
90,1413394891.755760,133,77,561,432,0.000000,5,5.078,6.027,18602.172936,1,17629.648813,32.325399,508.404687,24.752820,407.041217,0.884349,0.616957,0.085119,6.736,0
91,1413394891.855761,107,87,563,435,0.000000,11,9.090,10.220,18674.158153,0,17606.464711,21.560540,570.846810,31.276808,444.009282,0.898495,0.602771,0.085093,10.985,0
92,1413394891.955760,71,97,595,472,0.000000,7,6.981,8.104,18822.960289,1,17612.641409,21.185823,614.765944,41.855470,532.511643,0.912397,0.625438,0.085121,8.861,0
93,1413394892.055760,97,91,628,490,0.000000,7,6.351,8.008,18704.779849,1,17634.966966,18.855892,558.216355,39.511162,453.229474,0.860116,0.656878,0.085085,8.775,0
94,1413394892.155761,100,87,603,468,0.000000,8,7.609,9.731,18757.908304,1,17586.089394,16.592132,579.093262,48.687065,527.446450,0.765531,0.642064,0.085112,10.490,0
95,1413394892.255760,106,104,573,433,0.000000,9,8.992,11.125,18796.876032,1,17618.525474,21.343145,595.259560,55.443287,506.304567,0.680917,0.674445,0.085106,11.896,0
96,1413394892.355761,112,110,571,425,0.000000,8,8.265,10.243,18946.110732,1,17700.416492,27.651400,658.374200,54.995420,504.673220,0.548848,0.581429,0.085118,11.025,0
97,1413394892.455760,129,117,553,420,0.000000,10,7.165,9.864,19177.023564,1,17738.827835,26.032153,786.174900,52.998144,572.990532,0.446051,0.464428,0.085158,10.726,0
98,1413394892.555760,105,105,545,429,0.000000,7,7.876,10.415,19186.293236,1,17763.577338,35.768418,772.085547,60.525926,554.336007,0.402689,0.388449,0.085143,11.191,0
99,1413394892.655761,91,107,522,407,0.000000,7,7.977,10.534,19144.743696,1,17807.651040,39.447429,693.160013,63.418045,541.067169,0.406899,0.354684,0.085127,11.425,0
100,1413394892.755760,72,112,478,376,0.000000,8,9.034,11.305,19206.240892,1,17872.190894,45.668406,661.185659,65.291712,561.904221,0.436565,0.311314,0.085097,12.154,0
101,1413394892.855761,99,119,484,391,0.000000,9,9.022,11.125,19458.437245,1,17959.388224,52.825738,701.255639,71.401707,673.565936,0.464905,0.266529,0.085078,12.013,0
102,1413394892.955760,111,115,491,404,0.000000,9,9.735,12.101,19592.738304,1,18042.101542,46.959657,693.942478,85.060327,724.674300,0.475243,0.280294,0.085056,12.930,0
103,1413394893.055760,134,133,489,405,0.000000,7,8.937,11.289,19997.064424,1,18176.118442,50.625362,735.930240,113.509368,920.881012,0.509649,0.285986,0.085061,12.101,0
104,1413394893.155761,145,139,486,406,44.769311,7,9.398,11.859,20295.918141,1,18322.071879,41.491755,764.288839,125.440375,1042.625293,0.557558,0.256635,0.085085,12.666,0
105,1413394893.255760,137,135,481,413,0.000000,6,8.832,11.200,20629.372432,1,18509.118811,40.957009,758.880793,135.525006,1184.890813,0.583981,0.234782,0.085115,12.027,0
106,1413394893.355761,120,135,485,430,0.000000,5,8.411,10.551,20916.542350,1,18731.338934,45.854660,749.049086,128.603499,1261.696170,0.641819,0.231656,0.085155,11.713,0
107,1413394893.455760,142,133,486,443,0.000000,6,9.896,12.077,21238.847793,1,18888.293168,47.316477,831.551191,122.513592,1349.173365,0.666809,0.220819,0.085165,13.014,0
108,1413394893.555760,150,140,479,435,0.000000,6,9.642,12.568,21610.313390,1,19036.510704,50.415647,905.590208,124.864043,1492.932787,0.695711,0.217756,0.085152,13.537,0
109,1413394893.655761,145,154,502,460,0.000000,7,11.253,14.624,22243.352646,1,19203.476840,59.609343,1072.603165,138.736527,1768.926771,0.760833,0.231342,0.085181,15.669,0
110,1413394893.755760,145,158,523,485,0.000000,6,11.076,15.666,22484.014400,1,19412.574026,78.844415,1064.081326,140.208314,1788.306318,0.865331,0.236045,0.085254,16.656,0
111,1413394893.855761,156,162,541,498,0.000000,7,13.900,19.249,22612.804053,1,19710.769219,43.620596,1078.500686,117.468099,1662.445452,1.003297,0.204620,0.085181,20.416,0
112,1413394893.955760,159,158,547,503,0.000000,6,13.082,19.165,22615.933109,1,19982.225951,40.615585,961.721463,105.356613,1526.013496,1.157759,0.203504,0.085213,20.227,0
113,1413394894.055760,138,159,558,521,0.000000,5,11.089,16.856,22872.991513,1,20437.348498,40.924485,799.454736,119.708614,1475.555180,1.294307,0.203156,0.085217,18.256,0
114,1413394894.155761,122,163,562,524,0.000000,7,14.544,20.886,23278.601986,1,20954.193597,25.211712,804.902078,95.049624,1399.244975,1.414423,0.193347,0.085171,22.091,0
115,1413394894.255760,119,156,561,523,0.000000,6,12.642,19.286,23795.988346,1,21497.855840,28.157147,759.752448,102.372473,1407.850438,1.491938,0.187863,0.085163,20.420,0
116,1413394894.355761,117,154,548,514,0.000000,6,12.128,18.888,24318.022790,1,22093.652263,19.786245,785.948855,78.916611,1339.718816,1.509430,0.188707,0.085149,19.901,0
117,1413394894.455760,122,163,522,485,0.000000,7,14.415,21.843,25095.899192,1,22776.964236,27.540746,683.199220,106.479344,1501.715646,1.484759,0.183718,0.085133,23.036,0
118,1413394894.555760,112,159,500,463,0.000000,6,12.686,19.362,25897.970450,1,23542.866567,32.585152,712.116267,109.585147,1500.817318,1.447935,0.178769,0.085129,20.574,0
119,1413394894.655761,81,148,504,467,0.000000,6,13.690,22.911,26576.404426,1,24267.456143,46.900599,657.353800,115.419628,1489.274256,1.408019,0.167729,0.085110,25.137,0
120,1413394894.755760,84,140,485,454,0.000000,6,13.578,21.241,27051.379876,1,24996.427467,50.576157,540.844083,107.256139,1356.276029,1.351995,0.161482,0.085112,22.773,0
121,1413394894.855761,82,131,468,442,0.000000,5,12.227,18.951,27510.047570,1,25609.301971,56.562391,491.996422,112.546408,1239.640379,1.325147,0.160145,0.085114,20.504,0
122,1413394894.955760,104,147,444,421,0.000000,6,11.964,17.567,28348.931753,1,26152.301461,56.659839,637.347391,143.244502,1359.378560,1.311864,0.157308,0.085156,19.515,0
123,1413394895.055760,112,152,420,399,0.000000,7,13.239,17.984,28550.579621,1,26600.183298,57.699795,536.878258,147.645141,1208.173128,1.255504,0.166669,0.085159,19.799,0
124,1413394895.155761,135,168,421,399,0.000000,6,12.935,18.709,29131.872506,1,26988.598926,57.369073,609.756837,170.538154,1305.609516,1.187805,0.174201,0.085183,20.530,0
125,1413394895.255760,160,156,405,383,0.000000,7,14.412,20.012,29737.403604,1,27412.029746,54.962856,682.809420,184.697908,1402.903673,1.095624,0.169530,0.085189,21.718,0
126,1413394895.355761,158,159,389,367,0.000000,7,15.563,19.852,30315.576405,1,27812.231648,51.040109,781.253242,178.450364,1492.601042,1.027766,0.163184,0.085203,21.584,0
127,1413394895.455760,159,166,352,337,0.000000,7,15.887,19.337,31011.128569,1,28093.438334,63.292718,929.606735,182.690291,1742.100491,1.016448,0.162830,0.085239,21.191,0
128,1413394895.555760,166,175,330,319,0.000000,7,16.311,19.262,31563.682903,1,28329.291326,58.139201,1065.325599,178.782905,1932.143872,1.062670,0.160308,0.085256,21.022,0
129,1413394895.655761,159,174,313,305,0.000000,8,20.496,25.332,32186.254851,1,28507.135730,75.987858,1246.833373,178.469272,2177.828619,1.136427,0.158511,0.085217,27.522,0
130,1413394895.755760,149,173,316,306,0.000000,9,23.566,29.900,32773.618543,1,28893.540300,106.379213,1289.639217,173.467544,2310.592269,1.204089,0.154169,0.085175,32.350,0
131,1413394895.855761,163,172,329,320,29.194953,9,23.995,32.091,33540.506902,1,29426.391108,109.345311,1414.890891,168.350605,2421.528988,1.184460,0.151534,0.085159,34.441,0
132,1413394895.955760,170,167,330,321,32.337293,8,24.514,34.218,34519.202468,1,30244.500342,126.552757,1483.569747,159.535252,2505.044369,1.138482,0.149729,0.085147,36.577,0
133,1413394896.055760,168,177,335,329,30.798865,7,22.289,34.002,35795.478382,1,31431.321566,135.807385,1519.711764,162.494733,2546.142934,1.099833,0.148737,0.085155,37.071,0
134,1413394896.155761,171,180,336,329,28.799375,8,22.713,38.576,37329.904774,1,32926.052771,130.697893,1516.090802,156.330522,2600.732786,1.063451,0.148814,0.085191,40.947,0
135,1413394896.255760,162,177,339,333,27.726397,9,28.674,46.440,38833.107073,1,34756.253890,93.025560,1319.252149,149.269705,2515.305769,1.059252,0.149564,0.085198,48.961,0
136,1413394896.355761,157,177,343,338,28.421329,9,29.651,47.831,40641.832994,1,36641.552297,90.038820,1210.149619,145.381663,2554.710594,1.002352,0.150152,0.085218,50.856,0
137,1413394896.455760,171,177,351,340,31.325409,9,25.659,43.422,42466.807299,1,38518.569285,98.731347,1280.315951,144.128729,2425.061986,0.869882,0.151944,0.085237,46.253,0
138,1413394896.555760,171,185,345,335,28.617748,9,25.633,41.826,44305.357824,1,40371.837423,84.792685,1414.987850,141.175021,2292.564845,0.748786,0.154371,0.085216,44.493,0
139,1413394896.655761,175,192,355,346,24.118731,9,26.941,44.825,46059.720721,1,42080.246124,83.574529,1335.555006,143.953929,2416.391133,0.593945,0.157277,0.085181,47.787,0
140,1413394896.755760,187,196,355,347,19.818087,8,24.509,44.880,47916.967772,1,43796.997273,108.899230,1314.553442,144.840648,2551.677179,0.471603,0.158942,0.085097,47.551,0
141,1413394896.855761,185,195,359,350,14.584523,9,28.290,46.474,49662.972916,1,45494.908816,131.901936,1195.751696,145.778533,2694.631935,0.452240,0.160377,0.085027,49.184,0
142,1413394896.955760,183,193,378,366,6.301636,9,32.482,36.401,51422.735906,1,47158.850147,143.209803,1116.892661,143.648248,2860.135048,0.611008,0.161472,0.084969,39.241,0
143,1413394897.055760,163,191,389,377,12.582810,10,32.448,47.892,51220.562304,1,47153.938881,146.096589,1063.157228,137.207239,2720.162368,0.955372,0.163857,0.084972,51.127,0
144,1413394897.155761,177,187,387,373,18.474015,8,24.656,42.917,52670.081556,1,48746.945057,140.333156,971.208372,130.559711,2681.035260,1.313778,0.164032,0.084952,44.989,0
145,1413394897.255760,163,206,371,357,29.564196,9,29.805,45.462,54328.089443,1,50384.398599,138.800146,988.397109,133.676054,2682.817535,1.664891,0.165736,0.084934,48.312,0
146,1413394897.355761,140,209,365,349,43.375538,8,28.969,46.520,56012.225393,1,51988.272361,128.558497,1052.954737,131.751403,2710.688395,1.907467,0.167366,0.084927,49.136,0
147,1413394897.455760,129,206,375,363,0.000000,7,25.034,43.639,57562.629611,1,53579.118179,110.585290,1018.893174,139.194548,2714.838419,1.984363,0.167648,0.084908,46.696,0
148,1413394897.555760,134,197,383,371,0.000000,7,21.865,40.650,59027.293130,1,55192.290316,75.503398,1021.181447,128.878243,2609.439725,1.994299,0.168028,0.084925,43.286,0
149,1413394897.655761,149,179,384,368,60.489482,7,21.176,37.595,60493.656604,1,56753.234462,49.931618,996.525343,120.012067,2573.953115,1.976959,0.168257,0.084924,40.150,0
150,1413394897.755760,117,176,373,359,0.000000,7,20.460,35.946,61892.760659,1,58265.557546,38.175968,989.021502,109.373099,2490.632544,1.940249,0.168078,0.084918,38.229,0
151,1413394897.855761,117,187,353,342,0.000000,7,20.494,34.474,63327.572831,1,59620.036054,35.306356,1096.832803,111.346191,2464.051427,1.893495,0.167790,0.084895,36.954,0
152,1413394897.955760,98,167,342,333,0.000000,9,22.101,37.517,64382.390598,1,60768.117133,34.589326,1083.720402,108.772443,2387.191294,1.852043,0.168427,0.084912,39.775,0
153,1413394898.055760,86,162,341,330,0.000000,9,18.802,31.849,65068.233291,1,61852.659517,32.580035,933.730981,100.978879,2148.283879,1.802185,0.169153,0.084937,34.261,0
154,1413394898.155761,84,163,332,323,0.000000,10,18.575,29.966,65839.458137,1,62869.020939,26.765054,822.626182,101.218304,2019.827658,1.726434,0.169206,0.084954,31.982,0
155,1413394898.255760,76,155,329,321,0.000000,11,18.521,29.598,66633.862655,0,63800.882072,30.657573,770.157848,100.149010,1932.016153,1.649979,0.168480,0.084946,31.546,0
156,1413394898.355761,70,136,337,330,0.000000,11,15.216,25.270,67383.748961,0,64614.916822,35.188061,836.958795,97.988993,1798.696291,1.526283,0.167962,0.084937,27.245,0
157,1413394898.455760,98,129,353,338,0.000000,10,14.281,21.770,67673.117883,1,65335.230945,32.905698,644.833866,88.064871,1572.082503,1.340293,0.167571,0.084948,23.624,0
158,1413394898.555760,107,108,329,305,0.000000,11,14.817,23.523,67988.016356,0,65920.669382,35.353456,538.887879,85.942484,1407.163154,1.153337,0.167048,0.084964,25.067,0
159,1413394898.655761,77,111,332,308,0.000000,9,14.117,21.271,68363.822387,1,66560.659097,30.515394,525.467009,80.113856,1167.067031,0.971212,0.167019,0.084966,23.090,0
160,1413394898.755760,76,106,308,284,0.000000,8,10.286,15.562,68713.309754,1,67109.572526,29.342381,464.053085,71.887179,1038.454582,0.789264,0.167056,0.084970,16.588,0
161,1413394898.855761,81,93,296,266,0.000000,8,9.603,14.362,69131.615467,1,67599.550458,31.067143,429.523431,71.391214,1000.083222,0.642420,0.167112,0.084978,15.329,0
162,1413394898.955760,85,95,286,256,0.000000,7,8.287,12.535,69605.483297,1,68094.510757,35.120257,481.741777,78.305757,915.804750,0.503244,0.167605,0.084994,13.405,0
163,1413394899.055760,78,105,264,236,0.000000,7,8.479,12.206,70061.696941,1,68524.787726,36.671126,536.915091,72.381610,890.941388,0.371418,0.167097,0.084987,13.110,0
164,1413394899.155761,83,110,254,224,0.000000,6,9.535,13.767,70490.741857,1,68862.792861,38.510465,606.493861,78.329391,904.615279,0.351184,0.166164,0.084967,14.722,0
165,1413394899.255760,86,108,262,227,0.000000,6,9.284,13.509,71018.425651,1,69291.346225,45.951806,656.314390,78.115176,946.698054,0.480899,0.165640,0.084942,14.487,0
166,1413394899.355761,87,98,271,237,0.000000,6,8.527,13.298,71587.228421,1,69735.208484,52.206267,718.521670,79.230498,1002.061502,0.672099,0.166184,0.084929,14.310,0
167,1413394899.455760,94,97,251,226,0.000000,5,7.574,12.061,72175.265822,1,70263.974450,50.029621,794.512853,78.580179,988.168720,0.862854,0.166612,0.084939,13.143,0
168,1413394899.555760,95,94,270,256,0.000000,7,9.591,13.517,72898.496743,1,70727.319400,58.300089,816.809177,77.435030,1218.633047,1.003621,0.167519,0.084981,14.510,0
169,1413394899.655761,113,94,285,271,0.000000,6,9.572,13.355,73641.433019,1,71161.920321,65.362925,945.458798,75.987621,1392.703353,1.116916,0.169034,0.085012,14.272,0
170,1413394899.755760,122,99,294,282,0.000000,7,9.583,13.992,73709.937475,1,71631.852814,61.724450,687.393823,69.873989,1259.092398,1.209504,0.170699,0.085014,14.943,0
171,1413394899.855761,120,115,296,282,0.000000,7,10.214,15.385,74408.760973,1,72045.100064,115.989556,703.276947,86.772081,1457.622324,1.286850,0.171824,0.085062,16.552,0
172,1413394899.955760,119,133,319,306,0.000000,7,11.978,16.390,74951.130777,1,72543.585932,128.890740,692.150448,102.511526,1483.992131,1.370149,0.171891,0.085083,17.489,0
173,1413394900.055760,130,140,354,337,0.000000,6,10.542,14.671,75707.207356,1,73021.790811,151.675128,789.254453,109.255105,1635.231860,1.425934,0.172021,0.085108,15.843,0
174,1413394900.155761,160,141,367,352,57.053164,6,10.625,14.561,76170.372168,1,73492.282895,149.898315,790.646369,112.585305,1624.959284,1.429219,0.171506,0.085114,15.705,0
175,1413394900.255760,175,149,384,360,56.920516,6,12.103,16.033,76906.170395,1,73944.364450,141.045195,897.259645,123.371527,1800.129578,1.380106,0.172279,0.085130,17.335,0
176,1413394900.355761,179,180,398,375,50.602210,7,16.827,20.857,77637.483319,1,74328.033597,150.730349,1092.547931,141.866719,1924.304723,1.305433,0.175924,0.085164,22.309,0
177,1413394900.455760,191,188,399,377,43.302775,7,18.000,22.071,78136.061844,1,74705.043418,146.046769,1093.716251,151.326895,2039.928512,1.248306,0.178320,0.085174,23.563,0
178,1413394900.555760,206,200,405,380,37.643908,9,23.612,29.169,79007.462333,1,75247.448716,143.415916,1208.407569,156.988795,2251.201337,1.208728,0.181708,0.085187,30.841,0
179,1413394900.655761,210,207,391,367,36.614371,9,22.496,29.395,79896.512344,1,75864.554817,157.994264,1248.200660,159.706246,2466.056357,1.211575,0.185286,0.085201,31.127,0
180,1413394900.755760,204,213,394,366,36.073132,9,22.171,29.072,81097.908790,1,76766.896127,153.973960,1322.392858,157.240701,2697.405144,1.244422,0.188693,0.085209,30.848,0
181,1413394900.855761,198,212,397,369,42.112926,9,22.266,31.278,82321.590235,1,77741.949424,143.018658,1493.270294,154.840895,2788.510964,1.334342,0.192981,0.085225,33.556,0
182,1413394900.955760,182,214,423,397,54.288849,10,27.437,38.108,83588.181702,1,78778.508132,166.098594,1580.965762,151.738439,2910.870775,1.487820,0.195864,0.085241,40.073,0
183,1413394901.055760,188,216,436,412,63.278317,9,26.965,41.188,84801.176367,1,79831.636184,199.370984,1735.022743,149.416710,2885.729746,1.598044,0.200034,0.085281,43.896,0
184,1413394901.155761,175,230,438,418,69.288511,9,29.815,45.088,86134.387890,1,81102.790972,271.003140,1662.510894,164.876585,2933.206299,1.657554,0.209496,0.085351,48.215,0
185,1413394901.255760,144,253,445,430,83.099609,9,34.896,53.249,87376.956789,1,82490.671672,274.950636,1519.035967,190.161131,2902.137383,1.671770,0.214301,0.085387,56.542,0
186,1413394901.355761,98,257,467,453,0.000000,8,26.643,49.218,88505.828803,1,83844.678842,257.956589,1411.273444,204.371053,2787.548875,1.656028,0.214926,0.085384,52.246,0
187,1413394901.455760,112,248,483,465,73.955244,8,26.349,48.500,89580.001013,1,85212.766337,251.465244,1321.777333,215.226769,2578.765330,1.583087,0.212908,0.085380,51.328,0
188,1413394901.555760,110,226,505,492,0.000000,7,20.704,38.542,90480.896544,1,86473.053555,247.926719,1179.011208,208.918190,2371.986872,1.455330,0.210460,0.085389,41.284,0
189,1413394901.655761,119,208,495,481,64.457585,7,20.557,34.767,91183.268946,1,87565.097552,219.959008,1130.863231,194.551002,2072.798154,1.343265,0.211286,0.085406,37.903,0
190,1413394901.755760,108,199,503,488,0.000000,7,17.336,27.996,91825.383293,1,88469.968977,189.186908,1076.110750,185.156318,1904.960339,1.259955,0.214499,0.085453,30.231,0
191,1413394901.855761,111,169,513,497,0.000000,8,19.519,29.464,92215.404568,1,89213.013883,139.387624,1033.846513,179.369457,1649.787091,1.193040,0.220470,0.085474,31.849,0
192,1413394901.955760,116,132,512,493,0.000000,7,15.326,23.448,92353.303915,1,89823.563635,107.422095,883.320087,157.526565,1381.471532,1.168973,0.220625,0.085479,25.272,0
193,1413394902.055760,104,131,468,450,65.281563,7,11.227,15.314,92419.391672,1,90288.257495,87.365726,802.091070,113.615616,1128.061765,1.181651,0.218990,0.085492,16.235,0
194,1413394902.155761,108,140,435,419,0.000000,7,10.379,14.914,92947.257015,1,90693.205121,83.840165,856.142560,111.266956,1202.802213,1.186386,0.219870,0.085515,16.406,0
195,1413394902.255760,82,140,446,433,0.000000,6,9.312,13.660,93097.633705,1,91064.000258,70.148605,724.047965,112.273278,1127.163600,1.201351,0.221625,0.085523,15.081,0
196,1413394902.355761,70,128,431,416,0.000000,6,8.607,12.594,93377.286612,1,91390.115356,70.355446,667.847306,108.910961,1140.057544,1.214211,0.221163,0.085524,13.652,0
197,1413394902.455760,77,131,441,421,0.000000,5,7.988,11.313,93575.485684,1,91671.870683,79.023632,628.130670,107.815138,1088.645561,1.227039,0.219567,0.085535,12.273,0
198,1413394902.555760,83,134,420,396,0.000000,6,8.972,12.614,93799.086425,1,91951.229330,87.779364,583.870084,107.421758,1068.785889,1.196319,0.218270,0.085546,13.504,0
199,1413394902.655761,95,119,423,387,0.000000,5,7.677,11.274,93952.178262,1,92291.165717,74.371712,514.834190,109.965258,961.841385,1.115772,0.216420,0.085535,12.359,0
200,1413394902.755760,101,130,419,377,0.000000,7,11.173,14.592,94082.149665,1,92580.228358,62.209091,482.375849,95.934549,861.401817,0.973300,0.214251,0.085522,15.536,0
201,1413394902.855761,106,112,422,376,0.000000,6,7.734,10.880,94336.864392,1,92812.661042,63.508511,473.419930,109.435874,877.839036,0.787519,0.213233,0.085522,11.910,0
202,1413394902.955760,162,112,464,402,0.000000,6,6.934,9.142,94619.506070,1,93075.210937,71.667407,537.173742,96.079554,839.374430,0.647868,0.213736,0.085541,10.195,0
203,1413394903.155761,88,114,457,393,0.000000,6,8.635,10.964,94735.801390,1,93247.749715,59.599464,576.338724,79.715193,772.398294,0.582057,0.214455,0.085547,12.001,0
204,1413394903.355761,30,110,506,437,0.000000,5,10.312,14.587,94730.257225,1,93338.067969,48.335295,547.863393,77.991900,717.998668,0.484189,0.214669,0.085547,16.549,0
205,1413394903.555760,72,106,614,528,0.000000,6,9.047,12.105,94821.394939,1,93472.968716,48.969897,532.997853,81.405457,685.053016,0.241210,0.213698,0.085538,13.440,0
206,1413394903.655761,163,99,651,550,0.000000,5,7.668,10.575,94943.217342,1,93611.187984,45.271785,531.346666,75.586692,679.824215,0.189515,0.211819,0.085511,11.650,0
207,1413394903.755760,157,116,663,559,0.000000,7,10.055,13.495,95181.608848,1,93728.645289,82.046486,625.415089,84.599542,660.902442,0.237461,0.208922,0.085491,14.820,0
208,1413394903.855761,173,188,662,559,16.430525,7,13.140,16.297,95657.649378,1,93829.672065,111.090998,843.589354,103.746637,769.550325,0.305764,0.210263,0.085484,17.637,0
209,1413394903.955760,162,172,657,561,0.000000,5,8.897,11.428,96201.644442,1,93944.771902,123.301555,1025.062697,109.961651,998.546637,0.232386,0.209479,0.085460,12.458,0
210,1413394904.055760,150,148,673,568,0.000000,6,9.742,11.732,96236.083153,1,94054.562944,121.894019,1015.683898,94.950557,948.991736,0.156489,0.209346,0.085454,12.751,0
211,1413394904.155761,150,144,607,511,17.517612,6,9.214,10.524,96124.911179,1,94130.741012,133.944116,929.032127,77.801423,853.392501,0.157172,0.209670,0.085442,11.501,0
212,1413394904.255760,126,157,589,509,0.000000,6,9.629,11.019,96345.536091,1,94191.367340,130.941917,1028.461071,83.583952,911.181810,0.215693,0.209536,0.085417,12.100,0
213,1413394904.355761,152,171,589,514,36.648005,5,9.359,10.792,96930.213685,1,94258.765190,138.605056,1250.805145,86.702903,1195.335391,0.317916,0.208598,0.085382,11.825,0
214,1413394904.455760,159,175,567,493,49.481945,4,7.748,10.341,96866.401127,1,94343.290200,115.750590,1223.818658,93.086457,1090.455221,0.421534,0.208734,0.085360,11.425,0
215,1413394904.555760,141,211,552,489,54.232714,5,11.146,17.901,97294.553905,1,94492.609429,105.843338,1272.828421,115.337581,1307.935136,0.458766,0.208675,0.085326,19.196,0
216,1413394904.655761,151,206,560,501,58.168309,6,11.844,19.256,97441.687039,1,94872.791728,87.232084,1025.478061,136.374514,1319.810652,0.494568,0.208539,0.085310,20.880,0
217,1413394904.755760,131,194,574,519,0.000000,4,8.944,15.843,97992.385582,1,95432.157651,103.124571,971.941765,139.972266,1345.189329,0.506365,0.208482,0.085313,17.044,0
218,1413394904.855761,147,186,533,476,52.181523,5,9.961,15.338,98513.115924,1,95948.000078,99.771600,1029.751425,131.375531,1304.217290,0.495818,0.207793,0.085304,16.533,0
219,1413394904.955760,123,172,510,453,52.795024,4,8.971,12.999,98745.765269,1,96313.411070,85.680530,1025.885088,120.534911,1200.253668,0.438418,0.207213,0.085291,14.088,0
220,1413394905.055760,102,172,488,447,0.000000,5,9.205,12.936,98971.716528,1,96590.744531,76.800765,946.056161,115.897065,1242.218006,0.342549,0.206472,0.085281,14.078,0
221,1413394905.155761,125,152,485,454,0.000000,4,7.391,11.335,99236.906313,1,96813.407917,74.718575,957.827138,110.387902,1280.564780,0.185772,0.205216,0.085265,12.413,0
222,1413394905.255760,119,148,471,437,0.000000,5,10.029,15.271,99495.068826,1,97022.115123,73.643556,998.776492,111.232958,1289.300697,0.063126,0.204168,0.085257,16.414,0
223,1413394905.355761,87,139,464,434,0.000000,6,10.944,16.251,99740.737625,1,97346.821257,77.453753,1013.947480,109.475921,1193.039214,0.088557,0.203203,0.085241,17.341,0
224,1413394905.455760,110,139,491,458,0.000000,8,12.405,18.040,100161.616421,1,97676.469209,86.245620,1163.767141,91.334105,1143.800346,0.126268,0.202700,0.085216,19.014,0
225,1413394905.555760,106,132,511,476,0.000000,9,14.740,20.227,100266.897020,1,97988.860971,87.054191,1020.086282,89.505966,1081.389609,0.353656,0.201365,0.085224,21.261,0
226,1413394905.655761,59,112,561,519,0.000000,5,8.834,13.244,100293.050607,1,98351.558819,100.158986,802.776683,86.499664,952.056454,0.743670,0.201472,0.085252,14.249,0
227,1413394905.755760,58,107,564,512,0.000000,4,5.900,9.757,100247.165007,1,98705.282196,101.134397,626.391967,62.767081,751.589366,0.962915,0.200852,0.085266,10.572,0
228,1413394905.855761,66,94,553,491,0.000000,5,6.415,9.874,100400.595610,1,98968.903248,91.254624,643.213607,66.685902,630.538229,0.985488,0.199814,0.085265,10.834,0
229,1413394905.955760,53,83,590,535,0.000000,8,8.380,11.985,100522.310371,1,99173.314345,82.879644,664.377032,66.409904,535.329446,0.848654,0.199398,0.085265,12.811,0
230,1413394906.055760,95,86,601,543,0.000000,4,4.628,7.037,100486.854491,1,99348.744147,65.596175,558.059987,43.678204,470.775977,0.601465,0.199387,0.085267,7.812,0
231,1413394906.155761,102,72,579,524,0.000000,5,5.115,7.527,100460.578058,1,99438.750655,58.041460,473.179061,49.320578,441.286305,0.394192,0.199735,0.085274,8.211,0
232,1413394906.255760,113,88,571,514,31.813526,6,6.076,7.934,100734.038141,1,99557.850133,71.716135,555.912760,53.512016,495.047096,0.379379,0.199489,0.085269,8.632,0
233,1413394906.355761,103,92,557,504,0.000000,6,6.392,8.140,101022.865403,1,99686.152267,66.562009,652.585111,47.637136,569.928880,0.495036,0.199917,0.085223,8.830,0
234,1413394906.455760,116,102,512,467,0.000000,6,6.823,7.978,101015.022386,1,99641.675449,117.219670,577.766228,53.818093,624.542945,0.583667,0.199664,0.085200,8.757,0
235,1413394906.555760,127,105,495,459,0.000000,5,6.161,7.430,101200.168400,1,99656.526174,179.150302,656.815334,57.708900,649.967691,0.591326,0.198526,0.085180,8.281,0
236,1413394906.655761,139,116,497,470,0.000000,5,6.748,8.125,101483.443327,1,99691.021797,240.737791,713.118537,65.609853,772.955349,0.553635,0.197223,0.085163,9.032,0
237,1413394906.755760,115,127,532,508,0.000000,6,7.323,8.800,101821.714829,1,99717.500465,268.449482,831.191537,73.791847,930.781498,0.522385,0.196364,0.085155,9.644,0
238,1413394906.855761,113,137,567,543,0.000000,5,7.681,9.414,101990.394862,1,99722.720156,297.706351,910.221030,81.933980,977.813345,0.492663,0.196110,0.085151,10.470,0
239,1413394906.955760,126,155,588,564,81.388709,5,8.746,11.883,102101.099435,1,99755.347020,292.473116,941.527336,96.556641,1015.195323,0.385218,0.195748,0.085155,12.869,0
240,1413394907.055760,109,151,624,598,0.000000,5,8.320,11.561,102141.017816,1,99915.576359,247.744668,792.009724,132.431785,1053.255279,0.250653,0.195786,0.085143,12.794,0
241,1413394907.155761,157,171,623,599,67.381838,6,9.284,13.459,102722.331825,1,100225.582416,237.523515,954.851323,133.606776,1170.767794,0.409426,0.196005,0.085157,14.506,0
242,1413394907.255760,139,177,618,596,28.906830,6,10.069,13.948,103094.821734,1,100487.364746,215.989255,1062.156329,112.078313,1217.233091,0.723525,0.196483,0.085150,14.818,0
243,1413394907.355761,132,169,610,590,0.000000,6,11.103,14.971,103585.697428,1,100727.739546,215.181749,1133.234441,142.160118,1367.381575,0.900778,0.197767,0.085161,16.071,0
244,1413394907.455760,125,156,645,623,0.000000,6,10.113,13.276,103733.513975,1,100970.857852,173.455602,1163.760446,129.474011,1295.966064,0.940980,0.197736,0.085148,14.403,0
245,1413394907.555760,139,145,640,615,0.000000,6,10.108,12.821,103857.492002,1,101136.946466,132.572322,1226.783591,96.251166,1264.938457,0.891278,0.197475,0.085121,13.932,0
246,1413394907.655761,123,153,649,622,0.000000,5,8.793,12.039,103983.647426,1,101191.947263,143.152210,1187.057686,113.877276,1347.612990,0.862077,0.197023,0.085100,13.377,0
247,1413394907.755760,74,160,658,638,0.000000,5,8.736,12.072,103983.739180,1,101366.050439,127.476471,1094.163431,99.124510,1296.924329,0.913633,0.196818,0.085082,13.214,0
248,1413394907.855761,74,160,650,620,0.000000,6,10.748,15.645,104017.689993,1,101539.469631,117.990231,1076.717641,88.258594,1195.253897,0.951004,0.196581,0.085069,16.757,0
249,1413394907.955760,66,161,699,670,0.000000,6,10.042,15.183,104232.747924,1,101790.143111,93.855638,895.079406,112.904497,1340.765271,0.904835,0.196579,0.085051,16.238,0
250,1413394908.055760,107,134,776,744,0.000000,5,8.400,14.746,104116.696144,1,102090.071645,90.948312,692.702259,145.843785,1097.130143,0.867467,0.197336,0.085050,15.787,0
251,1413394908.155761,153,114,753,720,0.000000,4,6.025,10.450,104432.628244,1,102557.069762,70.463870,749.439410,112.583473,943.071730,0.866948,0.197059,0.085019,11.387,0
252,1413394908.255760,172,137,750,714,30.025653,5,7.103,9.886,104593.568227,1,102759.456292,84.504697,672.258698,130.987479,946.361061,0.820580,0.196597,0.085009,10.885,0
253,1413394908.355761,153,146,724,689,75.218092,5,7.512,9.877,104912.883465,1,102966.247978,78.092426,773.664500,119.893700,974.984861,0.701134,0.195830,0.084996,10.768,0
254,1413394908.455760,129,145,723,688,0.000000,5,7.831,9.691,104970.371255,1,103186.142099,71.828666,778.948187,113.604930,819.847373,0.510652,0.196191,0.085017,10.683,0
255,1413394908.555760,170,152,670,634,50.793059,6,9.417,10.918,105104.052896,1,103264.622852,102.409761,780.273733,122.362336,834.384212,0.547805,0.196464,0.085010,11.860,0
256,1413394908.655761,93,158,639,602,0.000000,5,8.690,10.151,105217.181448,1,103309.271023,106.076108,842.049550,117.419665,842.365101,0.749578,0.197110,0.085007,11.214,0
257,1413394908.755760,118,165,599,564,0.000000,5,8.557,10.187,105469.666546,1,103329.905017,116.440628,987.564370,120.522530,915.234000,0.749762,0.197876,0.085001,11.187,0
258,1413394908.855761,84,163,611,576,0.000000,5,8.456,10.239,105598.360220,1,103400.777486,124.375965,1015.116378,115.869439,942.220952,0.656764,0.198102,0.084989,11.310,0
259,1413394908.955760,123,159,631,601,0.000000,5,8.194,12.765,105742.237982,1,103489.445928,144.404370,1011.468410,128.148174,968.771100,0.637526,0.198376,0.084994,13.927,0
260,1413394909.055760,143,145,623,591,0.000000,5,9.057,14.078,106034.690644,1,103722.838712,189.009160,1020.635353,117.863907,984.343511,0.572340,0.199048,0.085031,15.145,0
261,1413394909.155761,141,190,584,552,18.112324,6,10.729,15.934,106577.296228,1,103951.170442,324.771886,1028.510082,146.379942,1126.463876,0.573902,0.200215,0.085092,16.980,0
262,1413394909.255760,129,170,568,536,0.000000,6,10.781,15.529,107007.029121,1,104160.636036,461.596296,1092.304235,142.542255,1149.950299,0.530660,0.200524,0.085101,16.682,0
263,1413394909.355761,162,155,598,555,0.000000,5,8.547,12.001,107174.473816,1,104363.668259,520.436795,1136.420713,84.073371,1069.874678,0.486458,0.200805,0.085116,13.200,0
264,1413394909.455760,164,130,544,508,0.000000,6,10.689,14.214,107172.292718,1,104275.024743,545.033094,1044.452993,103.616125,1204.165763,0.455803,0.200678,0.085098,15.559,0
265,1413394909.555760,167,161,543,505,33.173994,6,11.344,13.537,107557.752682,1,104443.140578,576.622654,1126.324036,96.924872,1314.740542,0.487288,0.200220,0.085088,15.013,0
266,1413394909.655761,160,174,489,446,47.505690,5,9.828,12.361,107948.844026,1,104600.727724,511.838151,1250.923752,100.933858,1484.420541,0.590185,0.199929,0.085064,13.539,0
267,1413394909.755760,96,181,487,450,0.000000,5,12.993,16.550,108154.724983,1,104775.282302,378.682819,1303.306660,102.264746,1595.188457,0.682945,0.199583,0.085038,18.080,0
268,1413394909.855761,108,182,486,451,0.000000,5,12.770,19.431,107710.689516,1,104866.551620,280.253493,1124.279076,106.770980,1332.834347,0.728772,0.199173,0.085009,20.724,0
269,1413394909.955760,113,175,506,472,0.000000,7,17.038,24.865,107893.980173,1,105198.614872,212.977726,1001.699653,79.417570,1401.270352,0.711215,0.198496,0.084978,26.454,0
270,1413394910.055760,112,177,459,426,0.000000,7,18.364,25.620,108459.474410,1,105721.779583,196.718246,867.119014,114.643954,1559.213612,0.731943,0.198078,0.084973,27.375,0
271,1413394910.155761,100,167,447,415,0.000000,6,14.197,20.194,108858.846196,1,106280.305352,165.082311,887.552068,99.241517,1426.664949,0.703376,0.198043,0.084969,21.696,0
272,1413394910.255760,122,152,461,427,0.000000,5,11.357,18.361,109344.312691,1,106725.566339,116.145319,1013.552091,96.543592,1392.505350,0.627349,0.197803,0.084953,19.769,0
273,1413394910.355761,142,121,470,427,0.000000,6,12.389,19.276,109516.754371,1,107132.013475,110.867856,817.411990,97.058392,1359.402659,0.544667,0.197412,0.084935,20.583,0
274,1413394910.455760,158,124,450,414,0.000000,6,12.052,17.255,110256.324568,1,107807.147319,105.897856,850.743473,78.593987,1413.941933,0.525801,0.196879,0.084902,18.352,0
275,1413394910.555760,137,148,392,367,0.000000,6,12.618,17.402,110932.045721,1,108416.947040,101.633826,823.628968,87.971121,1501.864766,0.584708,0.195789,0.084870,18.646,0
276,1413394910.655761,119,144,384,352,0.000000,5,11.369,16.604,111528.328063,1,108992.821298,90.400409,896.963362,93.972424,1454.170570,0.613906,0.195643,0.084862,17.956,0
277,1413394910.755760,89,140,403,372,0.000000,5,11.338,17.420,112029.088524,1,109637.362541,82.717692,815.429441,79.523321,1414.055528,0.545024,0.195497,0.084855,18.958,0
278,1413394910.855761,109,141,422,388,0.000000,5,13.198,24.382,112932.219338,1,110457.824203,90.462886,732.640304,112.181357,1539.110588,0.466608,0.195647,0.084856,26.716,0
279,1413394910.955760,131,140,409,375,0.000000,5,17.052,26.253,113803.027893,1,111272.731026,90.839624,822.737165,105.781568,1510.938510,0.488097,0.195851,0.084864,27.836,0
280,1413394911.055760,124,157,408,376,0.000000,5,16.575,26.494,114705.098570,1,112097.259076,83.019245,839.742095,98.995288,1586.082866,0.686368,0.196014,0.084870,28.909,0
281,1413394911.155761,88,153,406,378,0.000000,5,16.349,25.061,115336.442183,1,112848.999433,75.931940,793.905801,93.499212,1524.105797,0.845902,0.196045,0.084876,26.630,0
282,1413394911.255760,100,136,428,396,0.000000,5,13.287,22.635,115873.752869,1,113509.543530,65.510267,741.761631,100.165058,1456.772383,0.878145,0.196020,0.084881,24.140,0
283,1413394911.355761,141,120,439,406,0.000000,5,13.540,21.129,116340.719894,1,114271.915476,38.407479,665.611844,85.749195,1279.035900,0.802668,0.195783,0.084877,23.264,0
284,1413394911.455760,143,127,413,378,0.000000,6,13.864,20.349,117086.906729,1,114969.119067,38.374807,738.367342,78.608210,1262.437302,0.685588,0.195863,0.084887,21.826,0
285,1413394911.555760,156,162,382,361,0.000000,6,10.993,15.760,118074.902195,1,115555.132027,58.831875,802.650263,99.454546,1558.833485,0.612703,0.195609,0.084852,17.328,0
286,1413394911.655761,110,165,412,395,0.000000,6,17.705,25.637,118804.855417,1,116084.748312,75.546321,944.442092,98.574562,1601.544131,0.556973,0.195554,0.084839,27.880,0
287,1413394911.755760,124,152,449,416,0.000000,6,17.595,27.203,119073.299147,1,116494.391683,44.491745,935.566603,88.062562,1510.786554,0.464217,0.195675,0.084838,29.556,0
288,1413394911.855761,105,150,487,452,0.000000,5,13.209,20.307,119804.291116,1,117154.839352,53.676041,852.187813,124.447702,1619.140209,0.341607,0.195758,0.084837,21.998,0
289,1413394911.955760,133,148,450,412,0.000000,5,12.925,20.366,120367.344593,1,117780.730512,70.110861,904.789668,120.963938,1490.749613,0.348888,0.195773,0.084856,22.576,0
290,1413394912.055760,113,157,460,419,0.000000,5,14.626,21.958,120902.380647,1,118327.244947,95.255770,885.611343,124.112639,1470.155948,0.372630,0.196046,0.084874,24.176,0
291,1413394912.155761,147,171,500,436,0.000000,6,16.126,23.322,121606.496292,1,118820.275888,125.441550,931.818978,124.938563,1604.021312,0.386383,0.196354,0.084879,25.327,0
292,1413394912.255760,150,153,495,444,0.000000,6,18.135,28.566,122154.288490,1,119266.958927,144.501615,968.317220,124.561309,1649.949418,0.299935,0.196193,0.084849,30.520,0
293,1413394912.355761,157,162,512,460,0.000000,6,14.149,21.530,122924.810423,1,119884.063286,149.860230,999.567636,111.759240,1779.560030,0.135336,0.195725,0.084812,23.520,0
294,1413394912.455760,160,162,506,465,0.000000,6,16.433,23.710,123626.004314,1,120426.948677,161.496803,1061.356666,110.475324,1865.726844,0.198578,0.195191,0.084776,25.713,0
295,1413394912.555760,144,165,525,484,0.000000,5,16.141,23.284,124161.575071,1,120913.557124,181.048804,1158.689534,94.501010,1813.778599,0.322216,0.194686,0.084757,25.618,0
296,1413394912.655761,130,174,516,487,0.000000,5,14.894,21.423,124601.869206,1,121343.665163,202.158458,1167.124459,85.122808,1803.798319,0.422437,0.194314,0.084768,23.692,0
297,1413394912.755760,129,184,549,522,0.000000,7,21.113,28.214,125165.519143,1,121706.024418,168.880561,1273.527879,96.924024,1920.162261,0.465068,0.194495,0.084779,30.561,0
298,1413394912.855761,135,182,571,544,0.000000,5,17.270,25.451,125302.146097,1,122084.892561,151.659665,1173.423433,102.311521,1789.858918,0.493217,0.194796,0.084772,28.010,0
299,1413394912.955760,163,185,591,559,0.000000,6,19.359,27.860,125831.685305,1,122562.857707,154.400017,1209.380207,106.869338,1798.178035,0.508347,0.195069,0.084771,30.202,0
300,1413394913.055760,152,191,616,582,0.000000,8,25.474,35.416,126459.048103,1,122962.176254,192.801394,1232.721629,115.710909,1955.637916,0.521782,0.195138,0.084769,38.022,0
301,1413394913.155761,168,186,632,595,19.350592,8,22.986,32.376,127068.746602,1,123465.283375,186.220018,1229.114077,133.121793,2055.007340,0.529895,0.194895,0.084773,34.882,0
302,1413394913.255760,166,170,640,603,12.852372,10,28.142,36.597,127511.697471,1,123915.392685,125.695214,1357.983481,120.284846,1992.341246,0.550016,0.194703,0.084776,38.793,0
303,1413394913.355761,133,162,644,605,0.000000,8,23.534,32.255,127360.304598,1,124409.331329,112.846119,930.600033,107.362082,1800.165035,0.573548,0.194559,0.084768,34.921,0
304,1413394913.455760,113,161,633,592,0.000000,8,19.185,26.424,127923.800890,1,124993.195587,90.742603,1012.135660,127.652016,1700.075024,0.531036,0.194435,0.084753,28.584,0
305,1413394913.555760,112,164,625,581,0.000000,7,16.636,23.659,128406.007580,1,125602.656594,85.711719,959.975734,124.836673,1632.826860,0.496890,0.194170,0.084745,25.759,0
306,1413394913.655761,137,166,605,559,0.000000,6,16.749,24.531,129422.512335,1,126290.172265,78.998574,1147.085173,128.327954,1777.928368,0.506832,0.194072,0.084734,26.515,0
307,1413394913.755760,94,164,595,547,0.000000,8,20.638,29.373,129595.406444,1,126934.818593,61.233474,873.090818,125.756236,1600.507324,0.588459,0.193700,0.084725,31.280,0
308,1413394913.855761,93,175,576,538,0.000000,8,19.337,30.275,130430.521310,1,127652.308496,86.755984,920.150601,155.949166,1615.357064,0.711356,0.194149,0.084747,32.423,0
309,1413394913.955760,128,160,571,528,0.000000,7,17.742,25.429,130901.730430,1,128445.118393,81.418933,736.122427,135.797548,1503.273129,0.813605,0.194098,0.084748,26.717,0
310,1413394914.055760,139,162,534,500,0.000000,9,15.175,21.086,131656.776946,1,129104.299285,80.946710,812.516599,150.190516,1508.823836,0.880687,0.194330,0.084762,22.234,0
311,1413394914.155761,147,185,516,479,0.000000,7,16.316,22.165,132446.662372,1,129673.844915,96.205801,980.373037,136.197694,1560.040924,0.875804,0.194334,0.084787,23.900,0
312,1413394914.255760,177,188,485,442,50.610734,8,18.007,23.030,132857.083867,1,130107.427104,90.130260,893.970075,141.699693,1623.856735,0.877949,0.194493,0.084778,24.815,0
313,1413394914.355761,185,169,449,415,49.541816,7,16.820,22.340,133626.022129,1,130479.997718,86.165583,1141.976827,163.082331,1754.799670,0.929207,0.194350,0.084776,24.336,0
314,1413394914.455760,187,178,448,408,47.793661,9,19.828,23.739,133976.463039,1,130816.034594,69.660585,1163.518802,141.502505,1785.746554,0.977639,0.195304,0.084794,25.762,0
315,1413394914.555760,188,191,409,377,46.930042,7,17.852,21.848,134390.889357,1,131039.690780,81.880085,1276.641320,134.489407,1858.187764,1.058322,0.196783,0.084796,23.999,0
316,1413394914.655761,185,199,393,361,43.172203,7,15.705,19.927,135027.439708,1,131343.185916,96.430829,1401.852037,136.358787,2049.612139,1.062865,0.197917,0.084801,21.609,0
317,1413394914.755760,194,206,417,382,41.953034,7,17.835,24.241,135698.467175,1,131764.611620,110.448824,1413.912604,141.885043,2267.609085,1.075494,0.199298,0.084804,25.870,0
318,1413394914.855761,212,203,432,395,38.996689,8,21.850,31.195,136826.655348,1,132622.524703,128.524679,1414.041332,144.710632,2516.854001,1.083157,0.200159,0.084804,33.168,0
319,1413394914.955760,217,222,424,387,36.304215,8,22.071,30.882,138152.320491,1,133804.377674,161.988522,1343.579425,150.999198,2691.375672,1.078512,0.202643,0.084793,32.959,0
320,1413394915.055760,207,243,427,396,32.615367,7,26.632,38.372,139776.344921,1,135058.059124,183.010021,1436.922851,162.488796,2935.864129,1.101948,0.203448,0.084810,41.071,0
321,1413394915.155761,217,241,427,393,34.209536,7,22.148,34.564,141330.087532,1,136345.640597,189.951634,1593.356321,179.915547,3021.223432,1.133880,0.204021,0.084823,36.506,0
322,1413394915.255760,206,240,431,398,42.120992,8,24.708,36.862,142634.002975,1,137676.399806,185.603801,1599.100893,173.473753,2999.424721,1.198635,0.203634,0.084851,39.176,0
323,1413394915.355761,198,241,428,397,49.149376,8,26.091,38.337,144302.585347,1,139140.202200,198.836385,1638.857093,190.376064,3134.313605,1.262207,0.202692,0.084864,40.259,0
324,1413394915.455760,169,246,421,399,55.718324,8,24.590,41.238,145720.351002,1,140568.785329,196.692209,1682.337070,182.637398,3089.898995,1.349345,0.201299,0.084873,43.821,0
325,1413394915.555760,115,244,432,408,0.000000,7,25.006,41.076,147064.091041,1,142048.430369,169.645884,1568.339062,178.769018,3098.906708,1.476217,0.200110,0.084880,44.205,0
326,1413394915.655761,127,235,450,429,61.977605,7,25.771,46.033,148207.397413,1,143444.462031,157.835103,1448.504835,179.709203,2976.886240,1.545818,0.199128,0.084881,48.918,0
327,1413394915.755760,121,234,476,451,0.000000,5,38.881,72.500,149360.768506,0,144904.827642,165.836821,1262.981924,175.577003,2851.545116,1.546480,0.198773,0.084882,75.997,0
328,1413394915.855761,105,230,489,466,0.000000,6,25.824,42.614,150627.046920,1,146371.084536,157.381980,1225.378239,184.716026,2688.486139,1.488544,0.197683,0.084897,44.994,0
329,1413394915.955760,116,219,526,499,0.000000,7,18.959,34.777,151380.126531,1,147732.308109,144.499201,1024.713408,166.609045,2311.996768,1.388031,0.197771,0.084903,36.772,0
330,1413394916.055760,125,195,525,501,74.169025,6,15.851,30.141,152204.569088,1,148907.017371,144.286718,917.989006,162.967503,2072.308490,1.279122,0.198029,0.084913,31.712,0
331,1413394916.155761,115,150,528,500,0.000000,7,16.402,30.484,152788.931907,1,149924.673550,144.671012,844.198110,142.986169,1732.403067,1.180507,0.197459,0.084931,32.953,0
332,1413394916.255760,109,147,527,507,0.000000,8,17.866,25.541,153118.414858,1,150732.118141,128.128255,753.870551,117.321024,1386.976887,1.116198,0.196744,0.084956,27.608,0
333,1413394916.355761,81,140,493,470,0.000000,7,14.857,21.373,153430.214166,1,151230.022026,121.856339,705.013379,106.496111,1266.826311,1.079229,0.196652,0.084986,23.348,0
334,1413394916.455760,87,135,479,452,0.000000,6,12.851,18.063,153522.781718,1,151590.510061,133.176832,563.602160,102.703639,1132.789026,1.035371,0.196876,0.084986,19.572,0
335,1413394916.555760,77,129,480,449,0.000000,10,18.030,23.053,153741.224047,1,151919.860561,144.284018,559.295112,97.491774,1020.292581,0.959732,0.197505,0.084983,24.827,0
336,1413394916.655761,67,134,464,427,0.000000,6,11.525,15.900,153926.227542,1,152249.024810,128.888888,542.293156,91.405440,914.615248,0.852486,0.197330,0.084984,17.357,0
337,1413394916.755760,19,124,446,406,0.000000,5,9.604,13.365,154043.849356,1,152517.661259,116.320765,490.884774,85.602966,833.379592,0.737166,0.197220,0.084987,14.896,0
338,1413394916.955760,20,105,508,466,0.000000,6,10.579,14.588,154198.790751,1,152779.363427,114.767939,454.295647,91.738020,758.625718,0.760345,0.197247,0.084991,16.070,0
339,1413394917.155761,92,68,529,468,0.000000,4,7.733,12.261,154081.239280,1,153013.695780,99.274920,341.514535,64.856761,561.897284,0.817476,0.197467,0.084994,13.706,0
340,1413394917.355761,81,68,551,493,0.000000,6,7.031,9.341,153966.225015,1,153214.811731,88.025367,258.258418,42.522609,362.606890,0.838759,0.198046,0.085006,10.349,0
341,1413394917.555760,64,69,586,525,0.000000,4,4.578,6.451,153979.936731,1,153296.173696,61.051579,253.770917,42.500928,326.439611,0.935004,0.198205,0.085019,7.456,0
342,1413394917.755760,121,71,571,501,0.000000,5,24.161,32.335,154089.191255,1,153358.627975,68.026412,279.559192,50.651453,332.326223,1.012237,0.198331,0.085037,34.037,0
343,1413394917.955760,89,59,580,506,0.000000,6,7.458,9.010,154131.910917,1,153403.813957,48.269729,304.217334,54.439034,321.170862,1.070675,0.199768,0.085019,10.112,0
344,1413394918.155761,35,64,594,525,0.000000,6,5.188,5.734,154125.855249,1,153455.056348,42.913625,300.446550,40.986687,286.452039,1.224081,0.200828,0.085003,6.560,0
345,1413394918.355761,55,67,556,491,0.000000,5,3.927,4.172,154147.241617,1,153456.672291,47.595995,312.787056,39.605244,290.581031,1.318084,0.201723,0.085003,4.796,0
346,1413394918.555760,28,67,598,533,0.000000,5,4.170,4.548,154164.762494,1,153457.892921,48.687821,319.623180,39.781369,298.777202,1.348499,0.202029,0.085004,5.291,0
347,1413394918.755760,46,58,659,581,0.000000,5,5.671,6.750,154173.334499,1,153456.870031,48.662939,326.517010,39.839122,301.445397,1.373081,0.202101,0.085008,7.806,0
348,1413394918.955760,24,54,604,535,0.000000,5,4.576,5.413,154153.762498,1,153493.497803,43.380217,294.837630,41.296785,280.750064,1.328934,0.202273,0.085010,6.190,0
349,1413394919.155761,0,45,536,476,0.000000,4,3.615,4.819,154111.279232,1,153540.620381,31.017120,257.399143,40.446290,241.796298,1.177194,0.202318,0.085007,5.561,0
350,1413394919.355761,0,20,492,431,0.000000,4,3.222,4.454,154018.737172,1,153599.413799,18.866506,176.626891,35.442497,188.387479,0.998149,0.202614,0.084994,5.094,0
351,1413394919.555760,4,13,447,393,0.000000,4,2.363,3.277,153906.064396,1,153679.328324,14.803232,104.948645,14.691396,92.292798,0.708271,0.202583,0.084993,3.844,0
352,1413394919.755760,18,6,408,356,0.000000,3,1.632,2.357,153860.344880,1,153713.365654,10.143820,82.445334,9.903440,44.486632,0.523135,0.202747,0.084988,2.871,0
353,1413394919.955760,21,3,375,323,0.000000,4,1.699,2.274,153786.445127,1,153690.155740,9.828836,52.451805,7.809910,26.198836,0.475772,0.200831,0.085006,2.796,0
354,1413394920.155761,47,1,392,330,0.000000,5,1.831,2.276,153765.371720,1,153697.830889,10.130579,27.625043,4.332633,25.452576,0.517086,0.199674,0.085009,2.884,0
355,1413394920.355761,78,2,427,359,0.000000,3,1.259,1.472,153739.229776,1,153685.338305,9.197269,12.130825,1.157133,31.406244,0.702607,0.199559,0.085011,2.013,0
356,1413394920.555760,110,14,421,350,0.000000,4,1.908,2.089,153851.675026,1,153687.996456,29.448028,46.396164,11.912084,75.922295,0.830392,0.198617,0.085017,2.658,0
357,1413394920.755760,118,42,406,333,0.000000,7,4.076,4.319,154186.999858,1,153690.574174,46.560524,208.381092,31.762293,209.721776,0.933639,0.197760,0.085055,5.004,0
358,1413394920.955760,135,61,436,349,0.000000,5,4.030,4.261,154416.524446,1,153700.922695,57.507461,321.051362,43.122824,293.920104,1.100302,0.196693,0.085089,4.932,0
359,1413394921.155761,89,78,478,386,0.000000,5,4.061,4.298,154537.901384,1,153709.516148,59.007707,370.203501,52.440934,346.733095,1.276482,0.195792,0.085092,4.938,0
360,1413394921.355761,66,90,506,413,0.000000,5,4.665,4.917,154743.689366,1,153721.773522,62.895722,464.789444,58.149849,436.080830,1.388880,0.194873,0.085115,5.668,0
361,1413394921.555760,63,90,547,450,0.000000,5,4.917,5.316,154831.088155,1,153731.255260,58.130307,497.058307,58.280903,486.363378,1.424209,0.194777,0.085104,6.105,0
362,1413394921.755760,57,92,561,461,0.000000,6,5.542,5.926,154891.045734,1,153742.129892,50.451243,522.473622,60.174007,515.816969,1.475019,0.194723,0.085089,6.659,0
363,1413394921.955760,15,89,518,436,0.000000,5,4.654,5.739,154883.294458,1,153741.715795,43.246894,527.338975,57.477312,513.515481,1.399270,0.194698,0.085090,6.445,0
364,1413394922.155761,16,80,540,450,0.000000,5,4.636,6.209,154898.264508,1,153810.463293,43.344066,492.883835,57.980674,493.592640,1.085610,0.194657,0.085093,7.021,0
365,1413394922.355761,0,58,574,499,0.000000,5,5.157,7.109,154754.478290,1,153884.123813,40.379311,370.767164,46.724797,412.483205,0.931599,0.194723,0.085087,7.875,0
366,1413394922.555760,50,45,591,506,0.000000,5,4.642,6.395,154634.093221,1,154017.445886,40.188002,247.468571,35.638489,293.352272,1.107698,0.194485,0.085090,7.111,0
367,1413394922.755760,57,37,589,516,0.000000,4,3.476,5.217,154532.311125,1,154133.002154,34.086668,153.259149,20.791513,191.171641,1.146026,0.194382,0.085092,5.961,0
368,1413394922.955760,113,42,591,509,0.000000,5,3.603,4.943,154712.195916,1,154221.062381,37.156659,194.701259,35.260145,224.015472,1.206450,0.194769,0.085080,5.630,0
369,1413394923.155761,71,44,585,508,0.000000,5,3.724,4.698,154947.424557,1,154302.261549,47.610671,247.709753,40.042023,309.800561,1.255003,0.195042,0.085084,5.287,0
370,1413394923.355761,52,54,581,509,0.000000,5,3.455,4.110,155016.841744,1,154346.364520,56.494108,268.646805,45.339179,299.997131,1.323153,0.195200,0.085088,4.762,0
371,1413394923.555760,68,54,561,485,0.000000,4,3.984,4.642,155031.886135,1,154354.227410,51.728447,281.223961,43.909392,300.796925,1.399287,0.195090,0.085093,5.701,0
372,1413394923.755760,54,60,564,483,0.000000,4,4.617,5.018,155122.743021,1,154352.806014,53.659965,337.600878,44.571811,334.104353,1.488584,0.194929,0.085100,5.988,0
373,1413394923.955760,59,63,597,517,0.000000,4,4.364,4.714,155168.283765,1,154354.855070,49.289727,360.969940,41.872981,361.296047,1.495798,0.194698,0.085113,5.729,0
374,1413394924.155761,46,68,567,483,0.000000,4,4.437,4.802,155158.588525,1,154352.784489,48.020106,358.432415,43.262085,356.089429,1.445673,0.194569,0.085105,5.745,0
375,1413394924.355761,45,63,521,434,0.000000,4,3.811,4.699,155261.227575,1,154362.629770,44.642526,407.469642,48.803387,397.682250,1.412810,0.194341,0.085108,5.501,0
376,1413394924.555760,31,53,524,443,0.000000,5,4.089,5.325,155206.361438,1,154413.676307,40.498713,360.891745,36.606804,354.687869,1.394422,0.194215,0.085128,6.067,0
377,1413394924.755760,50,53,495,428,0.000000,5,5.492,7.694,155111.359645,1,154431.565932,37.638621,298.804119,36.145077,307.205895,1.360334,0.193975,0.085145,8.696,0
378,1413394924.905761,60,48,487,425,0.000000,5,5.077,7.177,155099.032019,1,154498.458156,19.830012,281.260283,35.527830,263.955738,1.242784,0.194118,0.085138,8.114,0
379,1413394925.005760,77,54,508,441,0.000000,6,5.937,7.860,155272.840711,1,154568.310277,23.468482,317.556662,42.563399,320.941890,1.139491,0.193935,0.085170,8.717,0
380,1413394925.105761,75,56,527,464,0.000000,5,5.501,7.325,155406.149597,1,154632.759240,27.931445,320.232881,54.743105,370.482926,0.963601,0.193858,0.085179,8.211,0
381,1413394925.205760,114,67,517,442,0.000000,5,5.558,7.212,155468.711413,1,154686.504222,24.061497,339.818307,51.668068,366.659319,0.837011,0.193864,0.085190,8.210,0
382,1413394925.305760,121,72,514,448,0.000000,5,6.092,7.732,155645.973872,1,154693.035062,25.915399,425.626760,57.591445,443.805206,0.768244,0.193710,0.085198,8.741,0
383,1413394925.405761,119,93,513,449,0.000000,6,7.595,9.110,155827.730362,1,154711.054174,25.596865,450.210237,68.922034,571.947052,0.749023,0.193654,0.085202,10.262,0
384,1413394925.505760,144,102,503,441,0.000000,5,7.858,9.541,156257.674112,1,154708.809458,29.334462,699.456579,79.872514,740.201100,0.806329,0.193749,0.085206,10.668,0
385,1413394925.605761,113,114,523,459,0.000000,5,7.594,9.341,156273.365882,1,154737.455697,23.980084,645.954508,81.770569,784.205025,0.887318,0.193625,0.085212,10.521,0
386,1413394925.705760,116,117,499,437,0.000000,9,13.168,15.570,156458.999028,1,154699.325199,24.192326,696.487360,106.010512,932.983631,0.970004,0.193439,0.085214,16.958,0
387,1413394925.805760,118,119,507,441,0.000000,5,11.192,14.527,156478.317033,1,154758.575603,26.483955,718.537717,81.534075,893.185684,1.018999,0.193435,0.085213,16.179,0
388,1413394925.905761,120,131,513,449,0.000000,7,14.061,18.219,156609.932726,1,154837.495787,26.640077,755.624042,82.989958,907.182862,1.038079,0.193742,0.085204,19.911,0
389,1413394926.005760,137,131,489,424,0.000000,7,15.461,20.166,156956.387159,1,154935.386233,31.465480,841.852013,86.575803,1061.107630,1.050389,0.194011,0.085198,22.013,0
390,1413394926.105761,139,133,470,408,0.000000,5,12.867,18.572,157324.470336,1,155098.978352,37.076974,897.412524,92.071415,1198.931072,1.053073,0.194343,0.085194,20.361,0
391,1413394926.205760,137,136,477,413,0.000000,5,13.262,19.536,158036.710095,1,155359.328911,37.675421,1053.475085,106.327993,1479.902685,1.100920,0.194796,0.085190,21.369,0
392,1413394926.305760,130,136,491,426,0.000000,5,13.499,19.944,158138.262386,1,155569.489041,40.732363,912.893867,109.799177,1505.347938,1.157479,0.195008,0.085177,21.845,0
393,1413394926.405761,140,139,477,414,0.000000,9,19.957,26.472,158476.133149,1,155943.565897,43.489911,866.729577,97.857919,1524.489846,1.205221,0.195256,0.085160,28.537,0
394,1413394926.505760,134,141,472,414,0.000000,6,15.750,22.640,159078.180770,1,156372.690204,51.130267,924.293329,111.580176,1618.486793,1.282837,0.195449,0.085159,24.643,0
395,1413394926.605761,92,149,466,413,0.000000,5,13.812,20.871,159361.941207,1,156813.780617,46.743900,855.518918,114.045409,1531.852364,1.351480,0.195654,0.085153,22.796,0
396,1413394926.705760,99,145,462,407,0.000000,6,13.075,19.420,160160.128793,1,157323.485661,35.927199,967.544466,127.725768,1705.445700,1.374115,0.195633,0.085151,21.289,0
397,1413394926.805760,105,143,478,426,0.000000,5,14.039,21.692,160462.319051,1,157771.014932,38.805065,920.957493,120.427543,1611.114017,1.355006,0.195591,0.085149,23.648,0
398,1413394926.905761,124,141,492,441,0.000000,6,13.671,21.759,160620.214524,1,158215.600342,37.830042,789.132366,128.128246,1449.523527,1.309697,0.195545,0.085156,23.608,0
399,1413394927.005760,137,142,506,457,0.000000,6,17.554,26.003,161128.489486,1,158896.939324,34.612903,704.901209,126.047510,1365.988541,1.272421,0.195513,0.085159,27.878,0
400,1413394927.105761,167,156,499,456,40.381243,6,15.805,23.655,161905.012720,1,159562.661769,35.164593,755.990059,132.190840,1419.005458,1.278910,0.195586,0.085154,25.827,0
401,1413394927.205760,181,148,484,445,19.018071,6,16.935,24.939,162769.597595,1,160161.249685,58.923244,825.081486,148.564459,1575.778721,1.268345,0.195809,0.085155,26.996,0
402,1413394927.305760,177,174,473,439,21.830718,7,20.762,28.183,163690.446792,1,160770.668568,83.119039,957.361934,150.059213,1729.238038,1.239616,0.196178,0.085152,30.672,0
403,1413394927.405761,175,185,444,416,21.524018,7,18.925,25.728,164580.741788,1,161325.375785,90.062283,1116.105301,152.348460,1896.849959,1.246028,0.196589,0.085134,28.516,0
404,1413394927.505760,172,195,449,421,13.450873,7,22.177,29.068,165307.743123,1,161803.148369,103.414644,1192.088512,153.347587,2055.744011,1.227286,0.197446,0.085108,31.370,0
405,1413394927.605761,186,193,478,450,11.334396,6,19.854,27.847,166365.229956,1,162315.515744,119.727127,1398.781764,163.031319,2368.174002,1.239319,0.197949,0.085086,30.350,0
406,1413394927.705760,187,196,491,459,10.460961,7,21.819,29.022,167069.624563,1,162784.484357,145.129669,1546.480627,171.294310,2422.235600,1.250745,0.198328,0.085067,31.341,0
407,1413394927.805760,162,211,504,470,0.000000,7,21.359,30.247,167742.410218,1,163262.149229,178.282111,1632.850232,162.648793,2506.479853,1.258876,0.198237,0.085056,32.836,0
408,1413394927.905761,158,209,519,476,0.000000,7,24.689,35.052,168280.005566,1,163874.507593,160.154410,1463.771520,167.967205,2613.604838,1.237187,0.197925,0.085052,37.822,0
409,1413394928.005760,155,206,538,493,0.000000,7,24.297,37.874,168751.515048,1,164597.598029,149.945110,1349.121675,158.569277,2496.280957,1.236319,0.197677,0.085055,40.524,0
410,1413394928.105761,132,202,565,520,0.000000,7,23.310,35.909,169478.921445,1,165561.726671,146.477536,1216.564290,160.995286,2393.157662,1.233150,0.197600,0.085062,38.417,0
411,1413394928.205760,146,196,581,532,0.000000,8,26.021,39.836,170339.048608,1,166586.167025,152.623025,1111.692303,165.590004,2322.976252,1.204612,0.197586,0.085068,42.197,0
412,1413394928.305760,133,196,590,539,0.000000,8,24.337,36.772,171022.878237,1,167562.698974,147.192009,1011.457991,146.857533,2154.671729,1.136642,0.197596,0.085073,39.286,0
413,1413394928.405761,127,189,601,547,0.000000,8,20.893,30.558,171814.887074,1,168460.638793,151.839103,952.815379,152.150408,2097.443391,1.041915,0.197810,0.085083,32.298,0
414,1413394928.505760,125,180,602,545,0.000000,7,15.001,24.908,172071.515850,1,169301.308956,128.230662,725.916342,138.048854,1778.011036,0.947069,0.198128,0.085088,26.499,0
415,1413394928.605761,121,173,600,543,0.000000,7,15.490,23.385,172583.483535,1,170127.314128,92.654065,662.426632,134.133979,1566.954731,0.871017,0.198471,0.085087,24.843,0
416,1413394928.705760,119,151,613,551,0.000000,6,14.830,24.831,173126.546742,1,170853.060062,65.474695,622.317922,127.184167,1458.509896,0.820700,0.198728,0.085086,27.076,0
417,1413394928.805760,141,151,594,535,0.000000,7,17.762,25.339,173497.499986,1,171462.571901,57.945145,595.905846,105.802766,1275.274329,0.769202,0.198994,0.085080,27.462,0
418,1413394928.905761,143,147,552,491,0.000000,6,14.742,21.767,174090.192774,1,171976.713441,58.084738,638.818355,107.513493,1309.062746,0.745169,0.199321,0.085066,23.622,0
419,1413394929.005760,137,159,548,487,0.000000,6,14.059,20.717,174603.214089,1,172471.917644,46.342882,653.141162,103.646330,1328.166071,0.706551,0.199645,0.085062,22.689,0
420,1413394929.105761,138,157,534,471,0.000000,7,16.009,23.526,175148.328101,1,172933.613768,41.060945,693.071432,99.502529,1381.079427,0.682140,0.199752,0.085055,25.310,0
421,1413394929.205760,142,150,515,458,0.000000,6,15.706,22.392,175617.883454,1,173398.375253,43.884610,716.113273,95.505786,1364.004532,0.626412,0.199923,0.085048,24.705,0
422,1413394929.305760,139,149,496,438,18.748965,8,18.246,25.400,175959.246846,1,173847.416777,37.847278,686.026329,92.847562,1295.108899,0.547898,0.200089,0.085049,27.382,0
423,1413394929.405761,126,150,474,419,0.000000,8,18.200,25.018,176286.439971,1,174282.424258,28.810085,653.267826,99.193930,1222.743873,0.449902,0.200152,0.085044,27.021,0
424,1413394929.505760,123,156,451,401,16.350904,7,17.965,25.189,176884.813225,1,174797.031384,23.578808,649.301992,100.482504,1314.418536,0.362351,0.200316,0.085042,27.446,0
425,1413394929.605761,122,151,430,380,0.000000,7,16.966,24.454,177394.808666,1,175322.286675,18.230467,644.769807,96.988252,1312.533465,0.292471,0.200549,0.085045,26.665,0
426,1413394929.705760,127,149,421,374,0.000000,6,15.778,25.307,178067.217684,1,175879.435361,23.818613,681.898201,106.294490,1375.771020,0.260046,0.200831,0.085037,27.319,0
427,1413394929.805760,134,149,420,375,0.000000,7,16.642,26.419,178866.690865,1,176680.059080,42.303715,635.810729,98.322520,1410.194819,0.269684,0.201168,0.085031,28.450,0
428,1413394929.905761,132,153,419,374,0.000000,4,40.118,58.865,179755.511083,0,177492.802893,61.584745,609.004435,95.633653,1496.485357,0.297976,0.201422,0.085027,62.402,0
429,1413394930.005760,134,144,404,366,0.000000,5,36.164,54.767,180572.203160,0,178279.911871,76.794384,625.279888,112.881028,1477.335989,0.337704,0.201604,0.085029,57.688,0
430,1413394930.105761,126,141,380,344,0.000000,5,26.554,40.530,181314.622560,1,179060.817956,73.720105,630.807947,102.470514,1446.806038,0.350514,0.201650,0.085034,46.894,0
431,1413394930.205760,110,146,373,334,0.000000,4,19.815,35.645,182097.104874,1,179835.983896,79.169685,644.626815,97.533944,1439.790533,0.309431,0.201590,0.085046,38.486,0
432,1413394930.305760,118,139,359,322,0.000000,4,19.569,34.416,182960.690463,1,180676.795839,82.336213,626.485572,98.809533,1476.263306,0.280380,0.201577,0.085061,36.936,0
433,1413394930.405761,90,135,361,324,0.000000,4,24.151,39.623,183765.777412,1,181510.796757,85.259883,629.362624,89.740240,1450.617908,0.327606,0.201594,0.085073,41.883,0
434,1413394930.505760,78,131,372,336,0.000000,4,27.634,46.845,184594.375013,1,182323.609364,79.404397,642.155046,95.517576,1453.688631,0.362889,0.201706,0.085079,49.162,0
435,1413394930.605761,74,128,394,360,0.000000,5,31.403,47.432,185171.630231,1,183049.833583,75.345558,612.323934,91.378743,1342.748414,0.438864,0.201772,0.085081,50.028,0
436,1413394930.705760,97,123,454,426,0.000000,4,11.389,19.997,185863.333838,1,183774.228242,79.190891,591.237507,108.591738,1310.085460,0.408471,0.201871,0.085086,21.778,0
437,1413394930.805760,114,118,480,450,0.000000,4,9.848,17.802,186384.705875,1,184452.606948,90.805175,571.867397,98.153548,1171.272806,0.442268,0.202042,0.085086,19.318,0
438,1413394930.905761,98,131,488,458,0.000000,5,10.654,17.966,187049.120291,1,185034.177093,112.835148,643.860518,105.889035,1152.358497,0.496408,0.202220,0.085089,19.344,0
439,1413394931.005760,80,119,487,459,0.000000,5,10.241,17.425,187560.855226,1,185554.980090,117.461771,673.726764,95.186712,1119.499890,0.472684,0.202328,0.085092,18.877,0
440,1413394931.105761,90,111,503,470,0.000000,4,9.101,14.566,187817.889911,1,185922.323317,130.813040,642.205549,89.226601,1033.321403,0.349749,0.202446,0.085096,15.878,0
441,1413394931.205760,97,94,497,470,0.000000,5,9.638,14.495,188081.332944,1,186222.710271,157.796763,662.377186,83.281024,955.167700,0.237754,0.202491,0.085106,15.842,0
442,1413394931.305760,111,108,490,454,0.000000,5,8.777,13.168,188472.837942,1,186485.517562,176.649834,710.022724,71.383086,1029.264736,0.348127,0.202605,0.085111,14.495,0
443,1413394931.405761,100,114,485,454,0.000000,5,9.959,13.919,188568.011028,1,186670.091064,206.100295,686.738841,66.716892,938.363936,0.403659,0.202537,0.085107,15.206,0
444,1413394931.505760,97,119,464,433,0.000000,5,8.792,12.185,188934.942936,1,186840.298720,263.623422,770.135324,69.215476,991.669994,0.376767,0.202556,0.085101,13.191,0
445,1413394931.605761,98,108,469,439,0.000000,5,8.202,11.811,189268.068791,1,187017.038080,298.957506,862.707863,68.574035,1020.791307,0.383080,0.202438,0.085091,12.998,0
446,1413394931.705760,117,101,450,419,0.000000,5,8.797,12.632,189406.618666,1,187169.180122,304.207578,746.336762,68.961104,1117.933101,0.403436,0.202418,0.085085,13.639,0
447,1413394931.805760,133,102,422,390,0.000000,4,7.002,10.941,189660.118199,1,187425.155240,274.465583,809.646245,60.507507,1090.343624,0.448590,0.202403,0.085083,11.992,0
448,1413394931.905761,106,111,403,371,0.000000,5,8.253,12.241,190434.887179,1,187613.034149,244.182176,1253.272143,67.870764,1256.527945,0.528997,0.202446,0.085080,13.263,0
449,1413394932.005760,81,122,405,375,0.000000,5,10.039,14.360,189800.675819,1,187654.886648,221.058392,842.966055,70.429582,1011.335141,0.625250,0.202512,0.085086,15.585,0
450,1413394932.105761,44,123,418,384,0.000000,5,8.371,13.895,190006.048066,1,188028.886014,154.034245,648.700477,92.513436,1081.913894,0.729203,0.202536,0.085094,15.018,0
451,1413394932.205760,40,118,443,413,0.000000,5,9.854,15.984,190351.953854,1,188541.364906,126.670123,572.339908,90.796318,1020.782600,0.805573,0.202551,0.085103,17.314,0
452,1413394932.305760,70,116,437,408,0.000000,4,8.454,13.981,190637.447613,1,189010.239120,97.214030,468.444294,92.014023,969.536146,0.825982,0.202558,0.085108,15.182,0
453,1413394932.405761,85,120,472,436,0.000000,6,10.542,16.452,191074.457581,1,189388.072336,73.365130,516.850958,114.569841,981.599315,0.768965,0.202805,0.085123,17.821,0
454,1413394932.505760,126,128,500,463,0.000000,7,12.228,17.533,191377.095099,1,189751.954704,84.034758,518.154668,121.340427,901.610541,0.676206,0.202912,0.085135,18.916,0
455,1413394932.605761,149,126,503,467,0.000000,5,19.473,28.073,191752.424541,1,190071.389461,83.435740,523.353152,116.278302,957.967886,0.612251,0.203094,0.085138,29.895,0
456,1413394932.705760,157,134,487,461,0.000000,7,34.062,41.396,192356.683992,1,190357.404992,96.986777,597.948532,144.683387,1159.660304,0.606365,0.203313,0.085156,46.068,0
457,1413394932.805760,164,132,477,452,50.797598,7,22.223,28.334,192781.061841,1,190607.877124,100.127690,696.248866,138.046104,1238.762056,0.649900,0.203547,0.085171,30.135,0
458,1413394932.905761,169,150,441,412,52.069753,6,37.628,43.987,192934.272930,0,190752.679576,99.642795,731.495110,113.492171,1236.963278,0.684525,0.203896,0.085177,50.047,0
459,1413394933.005760,183,171,418,396,52.492620,11,21.514,23.653,193672.713932,0,190838.017374,105.268793,975.862635,144.347571,1609.217559,0.680202,0.204432,0.085185,25.280,0
460,1413394933.105761,201,190,421,398,44.501212,6,16.441,19.402,194024.964518,1,190938.612186,114.549306,1117.942655,147.700539,1706.159832,0.663160,0.204814,0.085193,21.358,0
461,1413394933.205760,206,203,412,385,40.583557,5,17.187,22.224,194586.411736,1,191120.071723,116.759020,1268.546996,151.251399,1929.782597,0.648358,0.205295,0.085198,24.406,0
462,1413394933.305760,205,218,417,396,39.434346,5,17.724,24.276,195408.091208,1,191577.420223,88.095176,1363.570322,146.943764,2232.061723,0.658236,0.205799,0.085208,26.552,0
463,1413394933.405761,208,220,416,390,37.807033,5,21.000,31.197,196343.521735,1,192132.352832,82.166387,1538.435503,160.166801,2430.400211,0.693194,0.205729,0.085212,33.793,0
464,1413394933.505760,200,218,406,379,34.893755,5,21.145,31.749,197380.667078,1,193059.887231,77.332742,1600.789506,145.681187,2496.976412,0.739179,0.205582,0.085210,34.250,0
465,1413394933.605761,199,221,404,373,33.465168,5,15.708,24.770,198549.268909,1,194072.843083,79.303653,1612.155406,141.903909,2643.062858,0.739969,0.205440,0.085211,26.543,0
466,1413394933.705760,197,226,412,381,34.414033,6,18.244,29.152,199843.082439,1,195216.873022,91.178163,1603.892662,156.397793,2774.740800,0.692761,0.205420,0.085215,31.626,0
467,1413394933.805760,192,236,426,394,35.491147,6,19.826,31.524,201388.896614,1,196565.192450,87.485875,1642.928593,152.707333,2940.582362,0.664739,0.205681,0.085218,33.309,0
468,1413394933.905761,194,238,424,398,31.538972,5,17.969,32.066,202840.323690,1,197987.168603,78.399389,1567.674036,159.583257,3047.498404,0.678299,0.206634,0.085222,33.848,0
469,1413394934.005760,201,241,435,407,28.657342,6,20.512,36.052,204357.285320,1,199526.667727,76.651642,1521.244874,158.554101,3074.166975,0.666418,0.206832,0.085223,38.395,0
470,1413394934.105761,185,237,456,425,40.560973,5,18.408,36.057,206063.185751,1,201085.784067,64.587006,1672.012391,176.228076,3064.574210,0.628818,0.206985,0.085226,38.052,0
471,1413394934.205760,162,229,490,455,0.000000,7,25.144,39.116,207185.495763,1,202569.712213,48.002216,1546.728590,170.257212,2850.795533,0.642941,0.207335,0.085229,41.222,0
472,1413394934.305760,162,215,514,480,43.011591,6,19.557,33.625,208307.265323,1,203864.657414,52.376443,1511.219638,164.321195,2714.690632,0.716207,0.207789,0.085237,35.627,0
473,1413394934.405761,144,219,540,510,0.000000,6,19.088,31.036,209244.455054,1,205022.906889,60.391686,1482.133425,169.518449,2509.504604,0.791091,0.208465,0.085251,33.127,0
474,1413394934.505760,157,227,569,526,0.000000,5,21.046,38.268,210112.371029,1,206054.740157,63.092861,1423.621532,175.929705,2394.986775,0.829256,0.209171,0.085257,41.529,0
475,1413394934.605761,166,227,583,548,49.794667,5,20.529,35.170,210848.090553,1,207027.506166,65.056421,1295.058553,185.541663,2274.927751,0.826732,0.209864,0.085258,37.744,0
476,1413394934.705760,156,230,619,577,0.000000,5,20.660,34.966,211705.037692,1,207966.863913,73.732076,1285.148729,195.852383,2183.440592,0.704125,0.210522,0.085259,37.270,0
477,1413394934.805760,163,217,632,587,0.000000,6,19.978,32.629,212522.289092,1,208822.151013,83.767025,1281.803088,198.385142,2136.182824,0.586055,0.210590,0.085265,35.203,0
478,1413394934.905761,185,207,626,581,20.915192,6,35.507,51.887,213315.244933,0,209606.478314,95.767857,1328.642589,174.935850,2109.420322,0.490324,0.209791,0.085259,55.368,0
479,1413394935.005760,183,212,603,557,14.430436,7,30.733,42.843,214244.822036,1,210268.874525,114.909540,1446.587099,170.498841,2243.952031,0.425226,0.208426,0.085248,45.970,0
480,1413394935.105761,191,216,588,540,10.700559,7,40.708,52.133,215310.335463,0,210871.062672,114.504695,1691.719795,201.786669,2431.261633,0.395997,0.207305,0.085245,55.655,0
481,1413394935.205760,185,215,556,505,11.422131,6,28.332,41.298,215897.172850,1,211421.818086,106.997510,1684.181396,193.070986,2491.104872,0.363266,0.207077,0.085243,44.593,0
482,1413394935.305760,204,214,535,477,10.766314,7,36.704,49.714,216657.337810,1,211945.149711,114.116359,1684.988878,198.929091,2714.153771,0.355234,0.206692,0.085238,52.871,0
483,1413394935.405761,197,212,561,494,9.743532,7,33.013,36.621,217438.584764,1,212477.055742,127.051763,1732.094211,196.223002,2906.160046,0.399644,0.206551,0.085235,39.839,0
484,1413394935.505760,172,203,541,477,17.815818,5,37.734,51.423,217190.237668,0,212475.311162,127.703497,1648.458210,194.702554,2744.062244,0.495249,0.206791,0.085238,54.278,0
485,1413394935.605761,183,198,541,469,11.872300,6,36.689,54.524,217764.318151,1,213131.142241,138.968606,1582.748943,184.855029,2726.603331,0.543093,0.207022,0.085234,57.357,0
486,1413394935.705760,175,208,533,463,20.974124,7,39.266,53.790,218638.949418,0,213996.730593,120.002936,1568.080716,180.321727,2773.813446,0.513406,0.207177,0.085231,56.695,0
487,1413394935.805760,193,210,525,451,14.791434,7,34.098,44.884,219415.854238,1,214883.478750,94.865527,1505.694009,180.681397,2751.134555,0.458889,0.207701,0.085231,46.888,0
488,1413394935.905761,202,210,545,460,5.333427,6,17.867,19.697,220584.139467,1,216020.023826,56.713160,1390.623697,188.382822,2928.395962,0.504339,0.208520,0.085237,21.677,0
489,1413394936.005760,182,209,564,470,9.604235,6,17.364,17.364,220353.807378,1,216015.548085,62.977984,1334.269176,182.028393,2758.983740,0.544392,0.208839,0.085240,18.978,0
490,1413394936.105761,133,204,577,489,0.000000,5,14.079,23.697,220051.131184,1,216015.150163,61.709301,1253.122860,175.624867,2545.523993,0.606504,0.208881,0.085241,25.367,0
491,1413394936.255760,46,190,663,572,0.000000,4,10.430,19.926,220658.621313,1,217164.015544,54.840369,939.873218,150.150723,2349.741460,0.610646,0.209276,0.085245,21.406,0
492,1413394936.405761,39,165,690,605,0.000000,5,13.164,23.350,221441.167351,1,218368.530846,64.407610,824.019353,136.144241,2048.065301,0.605618,0.209501,0.085250,24.711,0
493,1413394936.605761,40,154,715,632,0.000000,4,9.767,17.344,221963.068130,1,219478.942069,56.612488,727.506559,117.342073,1582.664940,0.644315,0.209683,0.085257,18.609,0
494,1413394936.805760,48,154,734,658,0.000000,4,8.946,15.634,222467.723348,1,220343.429897,61.145240,695.837344,106.919352,1260.391516,0.692903,0.209615,0.085263,16.861,0
495,1413394937.005760,51,129,743,661,0.000000,5,8.478,14.998,222881.836916,1,221039.705658,67.714850,648.135608,110.292511,1015.988289,0.792486,0.209367,0.085264,16.049,0
496,1413394937.205760,17,92,753,678,0.000000,4,6.525,12.288,222933.800514,1,221635.530233,60.421268,457.687648,81.883949,698.277415,0.890193,0.209653,0.085276,13.235,0
497,1413394937.305760,65,33,737,651,0.000000,4,5.049,8.354,222902.514804,1,222026.559958,56.851655,324.398329,73.874414,420.830448,0.933333,0.209694,0.085281,9.151,0
498,1413394937.455760,64,23,691,610,0.000000,4,2.781,3.935,222698.501038,1,222266.427537,46.567651,185.289841,31.207583,169.008426,0.951210,0.209394,0.085279,4.427,0
499,1413394937.655761,88,42,594,541,0.000000,5,3.831,4.529,223039.986954,1,222314.377032,47.858722,272.745221,76.611105,328.394874,1.012044,0.209691,0.085294,5.250,0
500,1413394937.855761,138,44,616,549,0.000000,7,4.735,5.268,223068.243790,1,222318.960499,69.201053,279.348355,63.489840,337.244043,1.009950,0.208458,0.085290,6.007,0
501,1413394938.055760,164,58,566,497,0.000000,6,4.707,5.290,223089.645759,1,222290.802652,85.103165,281.985933,65.491572,366.262436,1.012911,0.208632,0.085293,5.978,0
502,1413394938.255760,130,89,556,487,0.000000,5,5.009,5.421,223303.134223,1,222274.324701,91.160416,398.447910,66.688792,472.512404,1.142536,0.209083,0.085297,6.194,0
503,1413394938.455760,40,95,555,486,0.000000,5,5.201,5.487,223351.209454,1,222258.615277,91.475735,431.341499,69.381301,500.395642,1.307043,0.209330,0.085295,6.271,0
504,1413394938.655761,70,94,558,484,0.000000,5,5.417,6.171,223404.391592,1,222240.262970,92.081137,475.950845,72.862373,523.234266,1.243786,0.209484,0.085297,7.086,0
505,1413394938.855761,61,93,614,530,0.000000,5,5.278,6.127,223365.904389,1,222260.323514,88.684370,446.251777,65.919987,504.724739,1.192178,0.209428,0.085300,6.979,0
506,1413394939.055760,77,104,664,578,0.000000,5,5.684,7.309,223529.144874,1,222311.282118,84.361726,500.898744,92.619400,539.982886,1.157836,0.209391,0.085291,8.340,0
507,1413394939.255760,98,113,708,613,0.000000,6,6.475,8.058,223564.606594,1,222369.860256,84.475215,504.154308,65.937152,540.179663,1.061567,0.209590,0.085287,8.916,0
508,1413394939.455760,55,100,760,658,0.000000,6,6.158,7.916,223531.768149,1,222432.607413,75.606317,456.619989,73.821336,493.113093,1.013402,0.209734,0.085278,8.781,0
509,1413394939.655761,89,64,848,741,0.000000,6,7.679,10.471,223565.698589,1,222499.658347,68.873003,435.048362,75.349313,486.769564,1.047087,0.209756,0.085266,11.696,0
510,1413394939.855761,131,60,837,734,0.000000,5,5.244,6.691,223492.312815,1,222560.088083,58.316818,393.018261,68.436356,412.453298,1.031031,0.209960,0.085274,7.712,0
511,1413394940.055760,68,64,796,713,0.000000,5,4.874,6.443,223644.764719,1,222593.683332,47.386342,467.441027,66.554058,469.699960,0.990724,0.209927,0.085265,7.716,0
512,1413394940.255760,67,69,797,709,0.000000,6,6.712,8.036,223621.549892,1,222620.433824,42.640588,426.238804,62.675373,469.561302,1.081334,0.209815,0.085249,9.013,0
513,1413394940.455760,118,67,807,702,0.000000,5,5.940,7.681,223692.502480,1,222637.411247,49.819650,448.034144,64.260567,492.976873,1.132210,0.209749,0.085226,8.940,0
514,1413394940.655761,90,70,786,682,0.000000,6,6.507,8.431,223816.972938,1,222660.161050,65.730089,484.022916,75.539123,531.519759,1.116120,0.209576,0.085201,9.509,0
515,1413394940.855761,51,76,814,712,0.000000,5,6.630,8.152,223881.483275,1,222715.319667,75.734754,494.587413,71.896762,523.944678,1.143131,0.209626,0.085192,9.295,0
516,1413394941.005760,117,71,797,700,0.000000,5,7.476,9.887,223907.199521,1,222743.379573,95.388687,472.435779,70.328244,525.667239,1.191908,0.209687,0.085168,11.221,0
517,1413394941.105761,147,71,792,689,0.000000,7,9.076,11.392,224151.062532,1,222829.994384,106.372684,534.342548,73.275376,607.077540,1.182482,0.209543,0.085154,12.646,0
518,1413394941.305760,106,101,808,707,0.000000,5,7.298,9.499,224380.012435,1,222883.933418,113.950700,609.011317,75.421731,697.695270,1.222054,0.209218,0.085128,10.804,0
519,1413394941.505760,54,103,736,649,0.000000,5,7.931,10.285,224300.061279,1,222904.104741,121.145206,541.559556,76.126618,657.125158,1.404936,0.209228,0.085118,11.712,0
520,1413394941.705760,91,97,783,682,0.000000,5,5.901,7.203,224297.148201,1,222970.577379,121.537523,509.533158,70.487030,625.013111,1.540046,0.208864,0.085111,8.141,0
521,1413394941.805760,127,83,795,684,0.000000,5,6.385,7.958,224308.359214,1,223044.513916,104.086024,488.630770,67.883428,603.245076,1.586414,0.208714,0.085105,8.948,0
522,1413394941.905761,138,96,771,680,0.000000,5,6.432,7.700,224559.348932,1,223078.837587,93.216169,587.605639,65.438469,734.251068,1.603326,0.208665,0.085079,8.633,0
523,1413394942.005760,167,135,727,658,19.845253,6,8.853,10.171,224997.813281,1,223080.028182,79.747803,802.478963,91.003535,944.554798,1.595476,0.208443,0.085075,11.186,0
524,1413394942.105761,171,153,722,644,28.335584,5,9.816,11.511,225420.464216,1,223100.328476,63.573348,959.727412,104.254337,1192.580644,1.598142,0.208432,0.085064,12.688,0
525,1413394942.205760,158,144,707,633,0.000000,6,12.559,15.858,225797.087903,1,223143.980142,63.581835,1135.547962,112.453028,1341.524936,1.621583,0.208493,0.085057,17.292,0
526,1413394942.305760,152,156,680,622,0.000000,6,13.012,15.871,226068.267978,1,223346.977868,68.944857,1166.087900,97.923809,1388.333544,1.700968,0.208499,0.085050,17.273,0
527,1413394942.405761,122,154,639,580,0.000000,6,10.960,13.486,226435.760009,1,223497.402933,66.807839,1319.337343,97.773334,1454.438559,1.846781,0.208454,0.085051,14.719,0
528,1413394942.505760,101,154,627,567,0.000000,6,10.205,12.543,226670.826816,1,223610.592018,69.124121,1383.496536,97.317209,1510.296933,1.955439,0.208385,0.085040,13.801,0
529,1413394942.605761,130,158,629,572,0.000000,6,13.806,17.624,227030.754350,1,223753.663679,76.806390,1439.332768,89.992680,1670.958833,2.050940,0.208224,0.085033,19.561,0
530,1413394942.705760,116,164,602,553,0.000000,6,15.031,22.058,227121.468459,1,223949.713922,30.896431,1483.259265,89.574395,1568.024446,2.127297,0.207979,0.085023,24.140,0
531,1413394942.805760,85,167,631,579,0.000000,6,14.684,22.288,226949.789274,1,224144.251023,45.658603,1159.321543,117.650354,1482.907751,2.166977,0.207836,0.085010,24.440,0
532,1413394942.905761,98,146,650,596,0.000000,6,14.302,20.121,227193.384114,1,224635.836922,45.534300,1041.118958,116.482013,1354.411921,2.111395,0.208091,0.085013,21.541,0
533,1413394943.005760,129,122,647,593,86.170641,5,10.373,15.946,227496.928418,1,225182.992238,37.653552,955.334463,101.681132,1219.267034,1.988133,0.207956,0.085009,16.953,0
534,1413394943.105761,138,119,664,620,0.000000,5,8.418,12.608,227865.744434,1,225656.463556,42.768831,952.124584,90.391351,1123.996112,1.813269,0.207717,0.085005,13.685,0
535,1413394943.205760,200,149,626,580,61.480753,6,10.706,14.715,228513.728802,1,226026.479210,87.402331,1084.401199,95.937841,1219.508222,1.585473,0.206920,0.084997,15.787,0
536,1413394943.305760,193,166,587,548,55.451410,6,11.710,15.302,229257.487380,1,226321.243631,112.519616,1198.374012,123.983784,1501.366338,1.332201,0.206449,0.084984,16.430,0
537,1413394943.405761,176,199,596,552,50.662453,6,12.272,16.180,229991.970164,1,226598.432265,147.049110,1265.721473,151.687594,1829.079722,0.978124,0.206166,0.084984,17.457,0
538,1413394943.505760,184,203,561,520,38.953703,6,13.005,16.549,230566.712540,1,226879.275204,168.656770,1372.370882,157.779787,1988.629896,0.730497,0.206193,0.084989,17.861,0
539,1413394943.605761,175,206,527,492,38.475121,6,13.703,17.125,231327.319223,1,227159.125328,182.115631,1571.118138,161.128881,2253.831245,0.643691,0.206260,0.084985,18.459,0
540,1413394943.705760,178,212,511,478,39.747223,6,13.109,16.268,232048.444078,1,227439.007255,183.319585,1755.402922,164.777651,2505.936664,0.710756,0.206339,0.084984,17.753,0
541,1413394943.805760,178,214,470,436,41.162108,6,13.082,16.567,232420.410142,1,227610.499026,185.194852,1811.989628,162.640949,2650.085687,0.805563,0.206252,0.084977,18.164,0
542,1413394943.905761,191,215,447,418,26.295355,7,18.555,23.278,232824.628012,1,227742.546588,169.110225,1872.177856,167.498399,2873.294945,0.866686,0.206106,0.084963,24.786,0
543,1413394944.005760,203,217,459,422,14.151252,7,19.914,26.607,233186.532825,1,227954.413311,106.669835,1720.233398,186.297561,3218.918720,0.847915,0.205605,0.084954,28.337,0
544,1413394944.105761,207,219,454,418,17.122044,7,22.168,31.509,233446.114076,1,228500.118173,116.371107,1520.428560,182.554201,3126.642034,0.790717,0.205065,0.084963,33.325,0
545,1413394944.205760,200,215,419,383,14.866878,7,22.540,32.265,234607.002023,1,229578.482409,124.883567,1475.017636,175.443675,3253.174736,0.735912,0.204632,0.084973,34.400,0
546,1413394944.305760,189,216,421,381,9.983467,6,19.759,30.953,235890.920187,1,230921.191304,120.253536,1475.116116,154.797791,3219.561440,0.667636,0.204151,0.084975,32.640,0
547,1413394944.405761,182,210,400,368,16.091149,6,22.199,41.452,237420.941043,1,232367.286921,132.896152,1470.548259,161.044695,3289.165015,0.597124,0.203604,0.084980,44.595,0
548,1413394944.505760,181,208,404,368,21.375447,6,22.747,40.309,238958.434719,1,233906.799262,171.650442,1413.762701,151.672220,3314.550094,0.532722,0.202864,0.084982,42.875,0
549,1413394944.605761,153,212,395,372,0.000000,6,18.560,31.228,240496.502361,1,235489.356184,217.336771,1400.314716,142.240593,3247.254097,0.457389,0.202031,0.084978,33.347,0
550,1413394944.705760,154,218,446,412,0.000000,6,21.792,41.711,242112.236469,1,237164.238239,268.186819,1322.541395,139.658494,3217.611521,0.399576,0.201130,0.084973,44.889,0
551,1413394944.805760,158,212,483,441,0.000000,6,23.476,43.628,243826.485598,1,239040.196587,309.884128,1186.958644,134.595988,3154.850251,0.382014,0.200428,0.084973,46.337,0
552,1413394944.905761,166,226,540,496,43.034485,6,23.210,43.665,245479.862495,1,240852.434188,336.135453,1180.130178,145.212952,2965.949724,0.422059,0.199710,0.084975,46.612,0
553,1413394945.005760,174,227,571,527,42.707393,5,18.952,37.789,246906.128230,1,242456.096811,343.507538,1178.680053,148.018191,2779.825636,0.545552,0.199299,0.084969,40.705,0
554,1413394945.105761,165,242,609,566,44.819767,5,18.965,37.032,248292.421463,1,243898.670381,367.113113,1196.233827,149.448541,2680.955601,0.676499,0.198538,0.084961,39.836,0
555,1413394945.205760,181,235,610,567,49.788785,6,20.773,35.686,249596.189137,1,245147.560878,363.170653,1310.875862,162.871966,2611.709778,0.792794,0.197793,0.084953,38.053,0
556,1413394945.305760,172,220,635,594,48.177072,6,18.352,29.913,250433.765690,1,246202.970153,325.843183,1272.314433,169.524748,2463.113173,0.876435,0.197180,0.084945,32.379,0
557,1413394945.405761,177,227,639,603,44.743570,7,20.566,29.937,250924.112601,1,246917.530607,251.552390,1381.266667,163.199186,2210.563751,0.925837,0.196406,0.084941,32.405,0
558,1413394945.505760,162,214,637,598,0.000000,6,19.168,26.400,251139.883171,1,247300.728071,214.374477,1415.612451,149.519803,2059.648370,0.930826,0.195651,0.084933,28.946,0
559,1413394945.605761,173,213,647,608,32.167241,7,21.508,28.426,251355.515796,1,247649.416662,209.578931,1429.230721,141.362744,1925.926738,0.864571,0.194990,0.084924,30.838,0
560,1413394945.705760,201,218,609,572,23.475046,7,21.545,28.479,251947.388720,1,248004.281531,173.235633,1545.404131,155.129426,2069.337999,0.744622,0.194432,0.084905,31.111,0
561,1413394945.805760,174,226,603,566,29.724201,6,38.105,49.923,252334.488909,0,248325.717468,180.328934,1522.454855,163.320573,2142.667079,0.608337,0.194046,0.084890,52.676,0
562,1413394945.905761,167,221,596,561,33.351429,6,34.937,48.032,252839.319786,1,248772.566444,188.828135,1531.895655,169.596968,2176.432584,0.449604,0.193174,0.084876,50.744,0
563,1413394946.005760,160,206,579,545,0.000000,6,27.013,38.384,253314.051509,1,249250.391743,178.655109,1540.309060,158.585408,2186.110189,0.290499,0.193074,0.084878,41.563,0
564,1413394946.155761,83,191,567,531,0.000000,6,22.937,33.024,253764.577719,1,249725.184592,173.753426,1596.578788,142.622861,2126.438052,0.171102,0.193250,0.084885,36.008,0
565,1413394946.255760,102,183,577,520,0.000000,6,19.213,28.498,253978.605082,1,250232.302578,159.653101,1526.994252,129.917037,1929.738113,0.208537,0.193002,0.084887,30.862,0
566,1413394946.455760,115,178,569,502,0.000000,6,18.161,27.438,254333.210807,1,250754.328836,158.256355,1506.463988,135.962084,1778.199544,0.353157,0.192331,0.084883,29.954,0
567,1413394946.655761,59,163,554,480,0.000000,6,19.709,30.571,254672.722534,1,251259.044687,168.255961,1442.614341,144.447409,1658.360137,0.560320,0.191770,0.084869,32.816,0
568,1413394946.855761,45,153,553,465,0.000000,6,14.218,23.415,254286.988826,1,251734.551129,169.881623,1005.099096,128.132421,1249.324558,0.618156,0.191620,0.084861,25.217,0
569,1413394947.055760,32,128,531,435,0.000000,5,11.108,18.959,254458.223117,1,252278.876420,190.766869,786.398191,115.727072,1086.454565,0.570403,0.191680,0.084863,20.373,0
570,1413394947.255760,27,66,565,460,0.000000,5,8.382,14.400,254466.428070,1,252776.802423,145.661838,622.147314,110.502039,811.314456,0.576140,0.191695,0.084867,16.075,0
571,1413394947.455760,58,45,609,502,0.000000,4,4.738,7.741,254106.075750,1,253132.609647,122.892362,404.609019,57.929573,388.035150,0.722747,0.191745,0.084871,8.844,0
572,1413394947.655761,29,36,572,468,0.000000,4,3.922,5.593,253898.055943,1,253245.508841,80.589986,300.923955,38.449782,232.583380,0.554725,0.190921,0.084865,6.472,0
573,1413394947.855761,54,26,625,519,0.000000,7,5.076,6.418,253809.076309,1,253287.102259,78.323015,251.081786,33.318451,159.250798,0.454961,0.191185,0.084864,7.342,0
574,1413394948.055760,65,19,654,552,0.000000,4,3.211,4.213,253602.123548,1,253299.927672,32.414209,151.939160,21.430176,96.412330,0.792298,0.191112,0.084861,5.064,0
575,1413394948.255760,11,11,610,529,0.000000,3,2.291,3.125,253459.560218,1,253284.270361,20.341569,83.584342,14.802273,56.561673,0.994128,0.190972,0.084855,3.850,0
576,1413394948.455760,0,7,568,499,0.000000,3,1.901,2.476,253333.129967,1,253236.514266,7.857690,54.024315,4.135580,30.598116,0.957250,0.191519,0.084868,3.084,0
577,1413394948.655761,0,7,533,477,0.000000,3,1.808,2.142,253298.188643,1,253231.161533,5.480777,32.768361,4.072774,24.705198,0.621678,0.191581,0.084869,2.790,0
578,1413394948.855761,0,7,498,458,0.000000,3,1.824,2.107,253291.832797,1,253226.329309,4.044636,32.704267,4.049908,24.704677,0.437565,0.191599,0.084869,2.815,0
579,1413394949.055760,0,7,462,436,0.000000,3,1.722,1.945,253287.512404,1,253223.735064,2.227498,32.785362,4.048330,24.716149,0.516072,0.191598,0.084869,2.560,0
580,1413394949.255760,0,6,484,469,0.000000,3,1.544,1.965,253288.101960,1,253224.905490,1.459399,32.917420,4.064703,24.754949,0.468337,0.191578,0.084868,2.857,0
581,1413394949.455760,58,0,495,468,0.000000,3,1.500,1.995,253283.308702,1,253234.667326,1.031228,22.716247,1.683744,23.210157,0.618277,0.191543,0.084868,2.696,0
582,1413394949.655761,0,0,423,402,0.000000,3,1.136,1.381,253246.036229,1,253245.545029,0.491200,0.000000,0.000000,0.000000,0.894519,0.191520,0.084868,1.962,0
583,1413394949.855761,0,0,400,385,0.000000,3,1.142,1.332,253241.425837,1,253241.215465,0.210372,0.000000,0.000000,0.000000,0.847834,0.191505,0.084867,1.998,0
584,1413394950.055760,48,0,374,349,0.000000,3,1.197,1.390,253238.432646,1,253238.432646,0.000000,0.000000,0.000000,0.000000,0.801165,0.191500,0.084867,2.027,0
585,1413394950.255760,0,0,345,320,0.000000,3,2.084,2.448,253238.432646,1,253238.432646,0.000000,0.000000,0.000000,0.000000,0.672271,0.191500,0.084867,3.313,0
586,1413394950.455760,0,0,444,419,0.000000,3,1.974,2.253,253238.432647,1,253238.432647,0.000000,0.000000,0.000000,0.000000,0.464830,0.191500,0.084867,3.196,0
587,1413394950.655761,36,0,490,460,0.000000,3,1.720,1.999,253238.432647,1,253238.432647,0.000000,0.000000,0.000000,0.000000,0.614983,0.191500,0.084867,2.752,0
588,1413394950.855761,0,0,484,454,0.000000,3,1.020,1.209,253238.432647,1,253238.432647,0.000000,0.000000,0.000000,0.000000,0.860385,0.191500,0.084867,1.748,0
589,1413394951.055760,0,0,492,462,0.000000,3,1.989,2.303,253238.432646,1,253238.432646,0.000000,0.000000,0.000000,0.000000,0.849284,0.191500,0.084867,3.049,0
590,1413394951.255760,0,0,384,367,0.000000,3,2.078,2.509,253238.432646,1,253238.432646,0.000000,0.000000,0.000000,0.000000,1.011265,0.191500,0.084867,3.524,0
591,1413394951.455760,0,0,320,303,0.000000,3,1.776,2.112,253238.432646,1,253238.432646,0.000000,0.000000,0.000000,0.000000,1.099104,0.191500,0.084867,2.846,0
592,1413394951.655761,0,0,408,391,0.000000,3,1.882,2.226,253238.432646,1,253238.432646,0.000000,0.000000,0.000000,0.000000,0.908455,0.191500,0.084867,3.242,0
593,1413394951.855761,0,0,300,295,0.000000,3,1.745,2.137,253238.432646,1,253238.432646,0.000000,0.000000,0.000000,0.000000,1.109208,0.191500,0.084867,2.921,0
594,1413394952.055760,0,0,266,261,0.000000,3,1.342,1.521,253238.432645,1,253238.432645,0.000000,0.000000,0.000000,0.000000,1.269291,0.191500,0.084867,2.139,0
595,1413394952.255760,0,0,344,339,0.000000,3,1.178,1.355,253238.432646,1,253238.432646,0.000000,0.000000,0.000000,0.000000,1.025081,0.191500,0.084867,2.037,0
596,1413394952.455760,19,0,268,259,0.000000,3,1.319,1.559,253238.432647,1,253238.432647,0.000000,0.000000,0.000000,0.000000,0.921618,0.191500,0.084867,2.303,0
597,1413394952.655761,23,0,339,325,0.000000,3,1.261,1.462,253238.432646,1,253238.432646,0.000000,0.000000,0.000000,0.000000,0.898877,0.191500,0.084867,2.223,0
598,1413394952.855761,0,0,344,330,0.000000,3,1.940,2.223,253238.432647,1,253238.432647,0.000000,0.000000,0.000000,0.000000,0.980949,0.191500,0.084867,2.946,0
599,1413394953.055760,14,0,366,344,0.000000,3,1.258,1.465,253238.432648,1,253238.432648,0.000000,0.000000,0.000000,0.000000,0.811294,0.191500,0.084867,2.155,0
600,1413394953.255760,49,0,386,350,0.000000,3,1.543,1.820,253238.432650,1,253238.432649,0.000000,0.000000,0.000000,0.000000,0.825746,0.191500,0.084867,2.581,0
601,1413394953.455760,16,2,386,351,0.000000,6,2.124,2.312,253337.269514,1,253286.373708,2.928947,35.842991,0.000000,12.123867,0.797046,0.189644,0.084758,2.895,0
602,1413394953.655761,14,2,310,263,0.000000,4,1.535,1.736,253314.173279,1,253284.630552,1.414617,25.114115,0.000000,3.013995,1.021121,0.189686,0.084756,2.327,0
603,1413394953.855761,0,1,309,262,0.000000,3,1.415,1.635,253300.476430,1,253283.025831,0.988372,13.616975,0.000000,2.845253,1.228230,0.189732,0.084763,2.227,0
604,1413394954.055760,11,1,344,288,0.000000,3,1.300,1.490,253278.774813,1,253272.717166,0.528372,5.529275,0.000000,0.000000,1.123812,0.190268,0.084823,2.091,0
605,1413394954.255760,10,1,280,229,0.000000,3,1.165,1.359,253279.256256,1,253273.797008,0.441745,5.017503,0.000000,0.000000,1.135726,0.190261,0.084824,1.921,0
606,1413394954.455760,10,1,266,219,0.000000,3,1.199,1.392,253279.353548,1,253274.231635,0.342458,4.779455,0.000000,0.000000,1.118286,0.190257,0.084824,1.993,0
607,1413394954.655761,0,1,164,117,0.000000,3,1.597,1.854,253279.130978,1,253274.205046,0.248351,4.677581,0.000000,0.000000,1.190170,0.190258,0.084823,2.447,0
608,1413394954.855761,0,0,220,174,0.000000,3,1.540,1.929,253279.049977,1,253274.235181,0.162733,4.652062,0.000000,0.000000,0.956717,0.190256,0.084822,2.629,0
609,1413394955.055760,22,0,202,163,0.000000,3,1.262,1.486,253274.332087,1,253274.282701,0.049386,0.000000,0.000000,0.000000,0.936401,0.190375,0.084837,2.033,0
610,1413394955.255760,28,0,210,161,0.000000,3,1.108,1.290,253269.361354,1,253269.353569,0.007785,0.000000,0.000000,0.000000,0.987333,0.190372,0.084837,1.844,0
611,1413394955.455760,1,0,202,164,0.000000,3,1.761,2.028,253267.868105,1,253267.868105,0.000000,0.000000,0.000000,0.000000,0.899486,0.190371,0.084836,2.696,0
612,1413394955.655761,0,0,293,257,0.000000,3,1.646,1.882,253267.868110,1,253267.868110,0.000000,0.000000,0.000000,0.000000,0.541998,0.190371,0.084836,2.656,0
613,1413394955.855761,28,0,352,320,0.000000,3,1.580,1.822,253267.868122,1,253267.868122,0.000000,0.000000,0.000000,0.000000,0.919588,0.190371,0.084836,2.583,0
614,1413394955.955760,54,0,351,309,0.000000,3,1.308,1.500,253267.868129,1,253267.868129,0.000000,0.000000,0.000000,0.000000,1.105185,0.190371,0.084836,2.082,0
615,1413394956.105761,30,10,348,302,0.000000,5,1.977,2.187,253390.494350,1,253287.100885,0.909492,54.312951,2.825010,45.346012,0.731115,0.189754,0.084732,2.837,0
616,1413394956.305760,12,10,405,357,0.000000,4,2.310,2.575,253373.936050,1,253286.539714,0.978436,48.278571,3.833725,34.305605,0.515583,0.189787,0.084738,3.449,0
617,1413394956.505760,3,10,425,376,0.000000,3,1.920,2.191,253345.716892,1,253285.390605,0.833390,40.154403,2.006258,17.332236,0.278441,0.189813,0.084743,2.911,0
618,1413394956.655761,28,10,391,323,0.000000,3,2.033,2.320,253346.054639,1,253285.597280,0.733584,40.230858,2.029544,17.463372,0.231078,0.189815,0.084744,3.132,0
619,1413394956.755760,56,10,443,377,0.000000,3,1.993,2.272,253346.465832,1,253286.004131,0.641871,40.279150,2.033182,17.507499,0.242681,0.189812,0.084744,3.082,0
620,1413394956.855761,89,11,544,473,0.000000,4,2.699,3.018,253489.612823,1,253288.376793,9.208386,101.573300,5.077737,85.376607,0.376659,0.189888,0.084709,4.056,0
621,1413394956.955760,127,26,574,504,0.000000,5,3.350,3.648,253827.565710,1,253292.271908,4.884637,317.949210,3.364867,209.095087,0.523116,0.189903,0.084710,4.514,0
622,1413394957.055760,88,37,514,436,0.000000,5,5.018,5.807,253732.544724,1,253291.427962,5.874542,262.335211,7.313811,165.593199,0.670966,0.189891,0.084710,6.784,0
623,1413394957.155761,71,52,475,391,0.000000,4,4.352,5.042,253751.371297,1,253282.256407,4.438729,272.327041,24.610339,167.738780,0.711699,0.189834,0.084712,6.060,0
624,1413394957.255760,81,66,479,393,0.000000,5,5.691,6.130,253832.138913,1,253276.674851,4.427681,314.965817,32.584692,203.485872,0.648220,0.189844,0.084712,7.108,0
625,1413394957.355761,47,73,461,376,0.000000,3,4.232,4.611,253870.864768,1,253274.243892,4.553419,340.602002,34.989707,216.475749,0.511135,0.189840,0.084715,5.563,0
626,1413394957.455760,22,74,533,453,0.000000,6,6.150,6.513,253938.020823,1,253273.795496,4.848396,379.218940,33.099978,247.058013,0.291189,0.189859,0.084712,7.661,0
627,1413394957.555760,22,75,510,442,0.000000,3,3.795,4.419,253929.892251,1,253273.820410,5.007999,368.494684,32.258006,250.311152,0.204511,0.189850,0.084715,5.430,0
628,1413394957.655761,24,70,505,432,0.000000,3,4.011,5.605,253944.703811,1,253285.539337,4.494340,370.686721,31.587313,252.396101,0.288405,0.189845,0.084718,6.599,0
629,1413394957.755760,47,53,492,394,0.000000,3,4.268,6.710,253877.813111,1,253280.569741,3.674942,348.623078,38.022406,206.922945,0.264805,0.189842,0.084721,7.865,0
630,1413394957.855761,35,50,522,442,0.000000,4,5.970,8.978,253687.892713,1,253263.377946,8.316251,221.519287,35.344603,159.334626,0.163798,0.189811,0.084724,10.758,0
631,1413394957.955760,134,42,521,429,0.000000,4,3.784,5.641,253888.608648,1,253311.425568,7.266162,314.025681,29.209437,226.681800,0.021234,0.189890,0.084714,6.486,0
632,1413394958.055760,41,24,529,440,0.000000,4,3.437,4.966,253688.544995,1,253334.351514,3.643214,203.709961,10.292216,136.548090,0.110571,0.189822,0.084715,5.729,0
633,1413394958.155761,88,20,528,418,0.000000,4,2.829,3.864,253684.834716,1,253337.247944,6.657816,220.493735,14.159071,106.276151,0.162671,0.189638,0.084724,4.652,0
634,1413394958.255760,62,20,509,404,0.000000,4,2.748,3.496,253560.842933,1,253344.466213,7.083667,136.045615,10.652070,62.595367,0.155426,0.189698,0.084715,4.237,0
635,1413394958.355761,49,29,566,459,0.000000,3,2.226,2.817,253591.595521,1,253352.270466,7.589962,146.157730,6.841310,78.736052,0.304923,0.189671,0.084712,3.527,0
636,1413394958.455760,19,28,454,344,0.000000,3,2.256,2.793,253578.044450,1,253348.919697,8.399346,147.770857,9.307400,63.647151,0.503203,0.189631,0.084715,3.466,0
637,1413394958.555760,36,28,478,357,0.000000,3,2.276,2.777,253608.081923,1,253348.658786,8.066793,168.807506,7.890040,74.658798,0.618885,0.189549,0.084723,3.484,0
638,1413394958.655761,38,21,493,381,0.000000,4,2.557,3.275,253614.094658,1,253352.737159,7.223736,176.001540,6.200810,71.931414,0.593272,0.189705,0.084711,4.003,0
639,1413394958.755760,63,29,607,491,0.000000,3,2.301,2.925,253595.191843,1,253354.717373,5.820982,160.350188,9.703955,64.599344,0.395904,0.189505,0.084730,3.698,0
640,1413394958.855761,116,29,555,458,0.000000,4,2.847,3.482,253811.357140,1,253361.626403,6.903927,274.959744,19.281262,148.585805,0.244470,0.189577,0.084727,4.223,0
641,1413394958.955760,72,29,549,448,0.000000,5,3.460,4.161,254008.936033,1,253373.061825,6.118137,362.695875,13.163382,253.896815,0.361974,0.189305,0.084756,4.853,0
642,1413394959.055760,60,33,548,447,0.000000,7,4.826,5.532,253827.136553,1,253371.167367,6.694624,275.976473,16.555098,156.742991,0.463212,0.189359,0.084739,6.257,0
643,1413394959.155761,82,30,535,441,0.000000,4,2.968,3.441,253797.748164,1,253368.720535,6.815404,266.764433,16.991217,138.456576,0.484903,0.189339,0.084738,4.130,0
644,1413394959.255760,82,40,528,436,0.000000,3,3.400,3.973,253805.396192,1,253368.391766,7.875658,269.313174,18.500691,141.314903,0.411279,0.189426,0.084732,4.812,0
645,1413394959.355761,52,46,613,532,0.000000,4,3.163,3.621,253920.933217,1,253357.461162,7.212360,323.186654,24.946715,208.126325,0.242785,0.189417,0.084732,4.534,0
646,1413394959.455760,81,47,624,538,0.000000,4,3.407,4.385,253998.628888,1,253354.278940,8.817094,356.946780,26.285155,252.300918,0.139178,0.189367,0.084733,5.141,0
647,1413394959.555760,113,48,672,585,0.000000,3,2.780,3.683,254078.107462,1,253384.261803,9.645155,388.510310,20.849718,274.840476,0.150390,0.189340,0.084731,4.401,0
648,1413394959.655761,103,68,704,635,0.000000,4,3.940,5.057,254186.561968,1,253399.502337,13.867882,439.014054,36.818220,297.359474,0.187841,0.189469,0.084721,5.879,0
649,1413394959.755760,120,79,694,629,0.000000,5,5.708,7.088,254444.495380,1,253412.553138,44.714253,524.098349,37.006626,426.123015,0.295558,0.189482,0.084714,8.036,0
650,1413394959.855761,87,85,665,601,0.000000,4,5.425,6.948,254423.918029,1,253415.554874,39.761882,506.217697,50.467942,411.915634,0.524330,0.189358,0.084725,7.965,0
651,1413394959.955760,82,82,663,599,0.000000,3,5.046,6.314,254503.402467,1,253438.363251,43.597933,511.256807,49.759812,460.424664,0.671743,0.189334,0.084724,7.272,0
652,1413394960.055760,79,82,683,629,0.000000,3,4.471,5.799,254513.381204,1,253432.624791,47.316815,497.637497,44.972464,490.829637,0.698131,0.189290,0.084720,6.681,0
653,1413394960.155761,92,89,685,655,0.000000,4,5.528,6.928,254564.122357,1,253437.266513,50.265289,517.620419,46.270365,512.699772,0.607867,0.189254,0.084727,7.848,0
654,1413394960.255760,129,105,721,689,0.000000,5,6.692,7.987,254876.887807,1,253467.907459,53.505724,649.724996,55.205754,650.543873,0.458060,0.189240,0.084740,8.910,0
655,1413394960.355761,122,118,631,600,0.000000,6,8.470,10.639,255065.650747,1,253500.583610,60.055742,728.218212,67.897934,708.895249,0.328911,0.189204,0.084751,11.646,0
656,1413394960.455760,124,119,621,585,0.000000,5,6.595,9.149,255337.811238,1,253533.129025,97.099812,794.017695,63.439579,850.125127,0.311477,0.189246,0.084750,9.952,0
657,1413394960.555760,129,118,621,592,0.000000,4,6.645,8.930,255459.431872,1,253657.928819,71.182932,845.243926,83.712609,801.363585,0.393317,0.189368,0.084752,9.871,0
658,1413394960.655761,124,124,597,573,0.000000,6,9.923,12.714,255626.554426,1,253740.177817,61.053873,876.049787,78.471736,870.801214,0.514459,0.189348,0.084755,13.909,0
659,1413394960.755760,122,135,571,547,0.000000,6,11.291,13.927,255840.978704,1,253828.892469,65.658757,891.963619,77.858508,976.605350,0.649343,0.189398,0.084762,15.161,0
660,1413394960.855761,113,131,585,560,0.000000,4,8.405,11.026,256007.643423,1,253898.706426,69.562616,879.999923,79.184246,1080.190211,0.792956,0.189403,0.084767,12.507,0
661,1413394960.955760,117,123,623,599,0.000000,4,7.837,11.058,256317.009782,1,253971.891526,68.310788,985.556051,77.394387,1213.857030,0.825160,0.189252,0.084771,12.193,0
662,1413394961.055760,136,135,620,588,0.000000,5,8.845,12.021,256385.879550,1,254029.273367,87.561668,991.428191,79.365575,1198.250749,0.743516,0.189016,0.084782,13.102,0
663,1413394961.155761,145,141,610,577,0.000000,5,8.056,12.205,256465.216903,1,254140.374769,75.125272,874.884552,135.886573,1238.945737,0.629628,0.188872,0.084796,13.187,0
664,1413394961.255760,137,163,592,554,0.000000,5,10.219,14.041,256495.313788,1,254298.842540,88.978759,842.494376,112.149181,1152.848931,0.537388,0.188796,0.084785,15.283,0
665,1413394961.355761,138,163,608,575,0.000000,6,11.694,15.960,256811.384398,1,254534.877958,99.783675,878.110519,116.219063,1182.393183,0.540067,0.188859,0.084773,17.265,0
666,1413394961.455760,159,155,642,590,0.000000,9,17.709,22.327,257345.403258,1,254778.824953,116.760008,988.342301,119.089765,1342.386230,0.641544,0.189013,0.084763,23.732,0
667,1413394961.555760,130,146,642,592,0.000000,6,11.977,15.789,257746.329646,1,254995.964126,129.133934,1075.808733,108.067513,1437.355339,0.795540,0.188981,0.084757,17.003,0
668,1413394961.655761,113,141,609,554,0.000000,6,11.654,14.743,257609.457637,1,255142.969588,117.954032,986.425315,79.625117,1282.483584,0.893704,0.188773,0.084750,15.924,0
669,1413394961.755760,113,137,574,519,0.000000,7,13.427,17.069,257689.947366,1,255275.452023,116.022021,952.149791,70.983094,1275.340436,0.879279,0.188687,0.084748,18.374,0
670,1413394961.855761,122,139,537,480,0.000000,6,10.971,14.769,258342.073944,1,255524.956152,122.742951,1166.331980,81.690333,1446.352528,0.780359,0.188710,0.084740,15.778,0
671,1413394961.955760,117,148,504,449,0.000000,6,12.650,18.355,258565.827454,1,255787.126818,103.835753,1198.758372,87.650911,1388.455600,0.651088,0.188615,0.084732,19.632,0
672,1413394962.055760,92,152,481,428,0.000000,6,11.455,17.660,258680.844378,1,256187.845390,126.203483,807.967634,110.641063,1448.186808,0.522858,0.188872,0.084730,18.872,0
673,1413394962.155761,105,146,474,414,0.000000,6,36.903,49.520,259200.752847,0,256803.005599,137.286242,800.375066,98.823362,1361.262578,0.468356,0.188931,0.084721,51.748,0
674,1413394962.255760,124,132,466,399,0.000000,5,29.199,46.073,259843.114144,1,257419.899870,138.838084,815.800384,111.052310,1357.523496,0.463293,0.189035,0.084710,48.346,0
675,1413394962.355761,126,133,429,372,0.000000,6,35.716,47.208,260588.947720,0,257956.908989,142.021598,924.830371,102.936909,1462.249852,0.501438,0.189156,0.084694,49.797,0
676,1413394962.455760,108,125,404,341,0.000000,5,37.183,59.513,260765.267117,0,258465.552960,132.758944,893.672540,90.962614,1182.320059,0.572208,0.189201,0.084698,64.998,0
677,1413394962.555760,108,114,371,303,0.000000,3,38.817,58.146,261209.007372,0,258926.623860,129.351466,906.149331,82.240169,1164.642547,0.569567,0.189182,0.084700,62.449,0
678,1413394962.655761,103,107,380,316,0.000000,5,36.332,47.328,261457.863396,0,259349.715197,118.679028,819.764633,81.367073,1088.337464,0.583142,0.189254,0.084692,50.615,0
679,1413394962.755760,97,116,366,309,0.000000,5,27.951,38.798,261753.748831,1,259784.695587,112.606840,633.905304,79.949312,1142.591788,0.654016,0.189328,0.084679,40.829,0
680,1413394962.855761,96,119,364,310,0.000000,5,39.852,65.710,262369.788497,1,260344.314281,113.554369,589.201271,95.783249,1226.935326,0.679019,0.189369,0.084664,68.363,0
681,1413394962.955760,110,126,365,309,0.000000,2,36.006,69.099,263099.276933,0,260903.020612,115.504025,644.968806,100.235309,1335.548181,0.671894,0.189273,0.084644,75.930,0
682,1413394963.055760,119,121,377,316,0.000000,4,38.041,57.055,263589.056778,0,261445.955657,113.577584,637.352529,100.863492,1291.307516,0.646173,0.189463,0.084653,59.315,0
683,1413394963.155761,97,128,370,316,0.000000,5,13.875,21.904,264138.835290,1,261988.262134,127.361925,614.719529,105.660384,1302.831317,0.704750,0.189507,0.084659,23.936,0
684,1413394963.255760,111,131,372,322,0.000000,6,12.456,18.302,264860.416944,1,262485.752332,141.795958,721.565486,124.905994,1386.397174,0.838161,0.189545,0.084667,20.017,0
685,1413394963.355761,103,137,353,316,0.000000,6,14.205,20.644,265435.116584,1,262974.132579,164.107238,770.229089,127.798627,1398.849051,0.997456,0.189552,0.084682,22.597,0
686,1413394963.455760,100,139,334,305,0.000000,5,13.590,20.987,265987.924813,1,263421.070268,162.789609,771.653402,135.617700,1496.793834,1.061931,0.189544,0.084688,23.140,0
687,1413394963.555760,106,140,348,316,0.000000,5,11.270,17.247,266276.591578,1,263847.410129,179.767860,646.358647,142.481708,1460.573234,1.049676,0.189520,0.084693,19.003,0
688,1413394963.655761,115,134,366,325,0.000000,6,13.118,17.453,266813.204114,1,264280.303578,186.939152,677.729699,139.991176,1528.240509,0.893195,0.189514,0.084694,18.737,0
689,1413394963.755760,118,131,413,368,0.000000,5,10.076,14.495,267238.298834,1,264758.513914,159.358761,695.833934,124.695677,1499.896547,0.852818,0.189554,0.084697,15.726,0
690,1413394963.855761,126,139,439,395,0.000000,5,10.266,14.798,267855.484953,1,265258.990343,144.835112,717.418319,122.996951,1611.244229,0.912599,0.189593,0.084698,16.066,0
691,1413394963.955760,134,132,420,385,0.000000,5,10.881,16.136,268481.151667,1,265846.759166,131.281903,811.564713,116.017721,1575.528163,1.018216,0.189631,0.084705,17.492,0
692,1413394964.055760,138,129,450,399,0.000000,5,11.586,17.395,269329.252684,1,266572.270648,117.915749,848.774076,113.952621,1676.339591,1.042748,0.189677,0.084719,18.785,0
693,1413394964.155761,129,120,484,440,0.000000,5,12.355,19.188,269845.312882,1,267316.825415,116.310761,772.182563,119.792055,1520.202087,0.980109,0.189660,0.084720,21.109,0
694,1413394964.255760,143,133,486,441,0.000000,8,16.438,22.948,270993.537667,1,268135.977245,112.569476,883.674116,99.891340,1761.425490,0.816286,0.189753,0.084730,24.548,0
695,1413394964.355761,121,141,503,454,0.000000,6,13.846,20.544,271610.310112,1,268855.770871,98.708067,900.228093,75.786912,1679.816169,0.774517,0.189739,0.084720,22.380,0
696,1413394964.455760,140,147,530,481,0.000000,6,14.873,22.047,272344.175394,1,269599.431443,97.936889,827.523037,90.040978,1729.243047,0.796068,0.189785,0.084722,23.780,0
697,1413394964.555760,151,141,556,509,0.000000,6,15.090,23.672,273165.354023,1,270291.917946,80.062323,849.676382,97.980405,1845.716967,0.834682,0.189793,0.084724,25.617,0
698,1413394964.655761,148,152,536,495,0.000000,6,17.179,25.172,273826.146857,1,271018.445850,73.560030,789.891948,108.505349,1835.743680,0.847066,0.189802,0.084726,27.233,0
699,1413394964.755760,160,152,526,494,0.000000,6,16.422,24.199,274747.712941,1,271788.966257,72.727813,900.866666,106.295375,1878.856830,0.772922,0.189821,0.084729,26.178,0
700,1413394964.855761,158,159,526,495,0.000000,6,15.433,22.141,275307.234974,1,272448.220355,72.644148,889.862416,97.292901,1799.215153,0.605982,0.189792,0.084723,23.968,0
701,1413394964.955760,151,162,527,493,0.000000,6,16.475,23.843,276402.463247,1,273142.848632,99.099573,1048.956450,116.164698,1995.393894,0.416700,0.189869,0.084716,25.793,0
702,1413394965.055760,122,165,564,534,0.000000,7,23.311,38.779,276882.293727,1,273841.236028,87.035309,1070.581842,113.221780,1770.218767,0.402405,0.189883,0.084704,41.192,0
703,1413394965.155761,121,172,571,544,0.000000,5,31.066,53.082,277423.560843,1,274492.024124,57.460966,1021.709583,111.629299,1740.736870,0.476629,0.189860,0.084697,55.921,0
704,1413394965.255760,142,168,559,529,0.000000,4,44.007,74.020,278092.095508,0,275140.953210,65.868524,1017.164536,126.928144,1741.181093,0.443816,0.189877,0.084690,76.991,0
705,1413394965.355761,149,178,598,575,0.000000,4,38.368,62.544,278709.064994,0,275720.943142,77.289360,1126.746478,116.174810,1667.911204,0.309122,0.189875,0.084683,68.715,0
706,1413394965.455760,194,195,583,563,26.794565,4,42.495,70.115,279428.251350,0,276204.206330,86.251218,1251.576297,130.909214,1755.308291,0.266203,0.189894,0.084685,77.227,0
707,1413394965.555760,196,209,558,534,36.658836,3,40.423,60.366,280428.083188,0,276776.419276,116.773423,1356.737192,148.170324,2029.982973,0.324635,0.189903,0.084675,69.509,0
708,1413394965.655761,176,207,571,547,35.544066,4,37.099,66.739,281137.525551,0,277399.892815,150.957587,1395.279278,163.679391,2027.716481,0.384914,0.190027,0.084675,73.217,0
709,1413394965.755760,176,190,569,544,53.911685,6,23.929,34.476,281893.638002,1,277966.373160,183.078791,1558.111606,141.694632,2044.379813,0.329694,0.190100,0.084671,37.276,0
710,1413394965.855761,194,184,545,518,54.537908,5,17.645,24.757,282475.829335,1,278439.988705,168.904227,1723.481380,104.299981,2039.155042,0.298446,0.190315,0.084690,26.682,0
711,1413394965.955760,187,180,518,491,44.970323,7,18.849,25.066,283039.146373,1,278839.685361,178.533841,1712.204244,138.074108,2170.648819,0.359747,0.190302,0.084669,27.381,0
712,1413394966.055760,190,191,505,478,41.173459,7,17.646,24.007,283826.295176,1,279316.559504,205.799137,1909.408240,133.328521,2261.199774,0.453751,0.190507,0.084681,25.610,0
713,1413394966.155761,192,202,486,465,53.382047,9,23.623,31.912,284510.628396,1,279763.364205,178.931278,2049.851625,118.489857,2399.991430,0.600330,0.190714,0.084689,33.703,0
714,1413394966.255760,170,217,509,487,41.835937,8,22.800,33.639,285154.316450,1,280391.410197,169.454895,1703.217509,172.943700,2717.290150,0.747185,0.190822,0.084697,35.430,0
715,1413394966.355761,148,212,530,510,62.746220,6,17.033,31.712,285858.017642,1,281554.261885,149.994817,1431.030368,172.626442,2550.104130,0.779384,0.190790,0.084694,34.355,0
716,1413394966.455760,148,222,505,479,0.000000,5,16.959,28.624,287000.944811,1,282955.143004,124.197431,1397.502347,175.847534,2348.254494,0.633645,0.190789,0.084688,30.560,0
717,1413394966.555760,94,224,577,553,0.000000,5,14.991,26.452,288063.317183,1,284177.968265,106.035989,1348.950295,173.995668,2256.366966,0.407975,0.190859,0.084687,28.213,0
718,1413394966.655761,91,217,620,597,0.000000,5,15.749,27.339,289098.283639,1,285259.408362,97.745407,1357.540931,175.873355,2207.715585,0.355956,0.191073,0.084686,29.266,0
719,1413394966.755760,155,205,632,595,0.000000,5,14.144,24.803,289597.882374,1,286213.664356,90.059784,1167.147508,161.230917,1965.779809,0.351458,0.191162,0.084682,26.275,0
720,1413394966.855761,112,183,712,671,0.000000,5,13.741,23.426,290187.512912,1,287022.740954,90.202834,1127.600540,165.630300,1781.338284,0.339238,0.191417,0.084682,25.491,0
721,1413394966.955760,158,170,732,698,48.463072,5,11.516,20.687,290701.269326,1,287732.617735,101.565254,1210.848444,151.411510,1504.826383,0.369692,0.191520,0.084682,22.013,0
722,1413394967.055760,149,152,716,677,37.360432,5,10.481,17.090,290864.055351,1,288247.722610,102.611402,1167.498510,115.459839,1230.762988,0.378266,0.191495,0.084679,19.048,0
723,1413394967.155761,116,143,725,686,0.000000,5,10.669,16.033,291066.519539,1,288553.859866,123.410483,1096.752240,113.987884,1178.509066,0.367102,0.191585,0.084680,17.390,0
724,1413394967.255760,80,126,733,694,0.000000,5,9.627,13.397,291127.990558,1,288783.670312,127.856254,976.155015,102.502657,1137.806319,0.429729,0.191616,0.084678,14.716,0
725,1413394967.355761,80,124,659,615,0.000000,4,7.255,9.999,291084.452064,1,288934.656259,115.019867,911.386232,77.124589,1046.265117,0.479793,0.191655,0.084675,11.051,0
726,1413394967.455760,68,129,688,647,0.000000,4,7.214,9.708,291054.951669,1,289019.034142,99.739372,866.298668,84.868449,985.011038,0.460941,0.191869,0.084678,10.742,0
727,1413394967.555760,100,126,696,645,0.000000,4,7.002,9.731,291083.112877,1,289119.564414,85.983942,828.418989,92.079470,957.066061,0.421760,0.192102,0.084683,10.904,0
728,1413394967.655761,118,114,650,601,0.000000,4,12.483,19.857,291163.380665,1,289172.783605,111.508270,906.309811,68.591309,904.187669,0.431504,0.192360,0.084687,21.757,0
729,1413394967.755760,84,110,707,668,0.000000,5,18.719,25.399,293611.959202,1,289247.268144,60.709164,1956.327913,84.547173,2263.106807,0.453933,0.192629,0.084683,27.277,0
730,1413394967.855761,108,91,721,675,0.000000,4,11.261,19.678,290777.721816,1,289393.638071,53.891240,505.482648,82.838738,741.871120,0.495999,0.192760,0.084679,21.773,0
731,1413394967.955760,119,83,717,670,0.000000,4,13.697,19.869,290737.481998,1,289567.763294,49.414662,436.492070,69.424937,614.387034,0.536564,0.192767,0.084671,21.480,0
732,1413394968.055760,84,95,757,712,0.000000,4,10.096,15.825,290913.408078,1,289697.299187,36.800770,500.275075,62.530779,616.502266,0.474356,0.192742,0.084672,21.165,0
733,1413394968.155761,89,92,729,681,0.000000,4,9.631,14.563,290984.889838,1,289825.174242,24.658077,504.011355,69.336105,561.710059,0.407563,0.192832,0.084678,16.192,0
734,1413394968.255760,110,90,773,729,0.000000,5,13.742,19.351,291036.986798,1,289883.167278,20.686072,473.908792,60.725402,598.499254,0.377396,0.192797,0.084678,21.223,0
735,1413394968.355761,180,103,784,734,45.227593,5,19.143,23.374,291333.125151,1,289902.769901,23.699956,599.346532,62.602000,744.706762,0.371287,0.192585,0.084681,27.739,0
736,1413394968.455760,178,124,769,724,25.736946,5,20.800,27.516,291527.618624,1,289952.193208,22.192790,640.311854,78.352800,834.567972,0.376733,0.192570,0.084686,29.517,0
737,1413394968.555760,164,174,746,695,27.494412,6,11.880,14.178,292062.656381,1,290016.524892,22.204488,767.733463,111.234959,1144.958580,0.389353,0.192568,0.084672,15.341,0
738,1413394968.655761,172,177,728,672,26.379226,5,11.182,13.510,292650.674418,1,290124.341843,31.115602,964.582189,116.592062,1414.042722,0.401101,0.192393,0.084670,14.746,0
739,1413394968.755760,170,162,709,645,22.213160,5,13.949,17.542,292783.826464,1,290227.711085,29.571382,968.737894,119.331588,1438.474515,0.434919,0.192407,0.084667,19.068,0
740,1413394968.855761,169,177,672,609,10.025748,5,13.549,16.585,293115.780319,1,290363.988782,35.599111,1012.769114,126.297435,1577.125877,0.523469,0.192489,0.084665,18.372,0
741,1413394968.955760,143,184,641,576,0.000000,5,13.664,16.424,293699.850553,1,290510.808116,49.188998,1208.127715,128.960583,1802.765142,0.598926,0.192632,0.084667,17.905,0
742,1413394969.055760,132,181,588,512,0.000000,5,12.540,16.174,293647.824711,1,290596.448370,54.383578,1169.413308,125.663277,1701.916179,0.622560,0.192595,0.084664,17.560,0
743,1413394969.255760,131,194,615,522,0.000000,7,15.309,21.008,294381.023078,1,290864.950600,53.652193,1427.227060,120.508310,1914.684915,0.624529,0.192815,0.084654,22.534,0
744,1413394969.455760,93,187,652,564,0.000000,6,14.634,22.356,294113.893944,1,291094.682953,57.607859,1164.345125,137.056479,1660.201529,0.599375,0.193118,0.084653,23.780,0
745,1413394969.655761,75,170,659,568,0.000000,7,14.327,21.093,294431.523321,1,291746.019940,60.209958,980.592902,140.130128,1504.570394,0.544741,0.193294,0.084649,22.328,0
746,1413394969.855761,92,160,722,629,0.000000,6,16.430,25.970,294841.090831,1,292400.200651,67.562220,909.733211,130.095527,1333.499221,0.647162,0.193409,0.084654,28.483,0
747,1413394970.055760,108,134,736,641,0.000000,6,10.018,16.558,295154.144622,1,292954.548744,72.275933,863.636684,121.303234,1142.380028,0.784568,0.193368,0.084653,17.852,0
748,1413394970.255760,36,108,722,631,0.000000,7,8.818,13.385,295085.942339,1,293388.642047,82.375336,688.285877,97.355982,829.283097,0.872498,0.193446,0.084655,14.264,0
749,1413394970.455760,2,92,714,631,0.000000,6,13.224,20.455,294958.158461,1,293708.633778,71.722944,515.031883,82.208710,580.561147,0.780817,0.193466,0.084658,22.071,0
750,1413394970.655761,22,70,718,632,0.000000,6,12.669,19.868,294878.115353,1,293917.377054,67.868023,399.650005,57.035457,436.184815,0.528041,0.193456,0.084659,21.409,0
751,1413394970.855761,22,39,758,676,0.000000,5,8.817,13.786,294828.343878,1,294087.798714,64.110938,272.991139,48.001656,355.441431,0.279975,0.193474,0.084659,15.374,0
752,1413394971.055760,105,29,788,710,0.000000,5,9.011,12.586,294709.428096,1,294178.556221,55.749823,180.169720,25.028816,269.923516,0.277718,0.193519,0.084664,14.057,0
753,1413394971.255760,103,26,761,678,0.000000,4,19.718,25.504,294492.174260,1,294181.952372,30.089830,120.018622,21.166122,138.947314,0.263921,0.193397,0.084675,26.813,0
754,1413394971.455760,115,39,770,679,0.000000,5,5.856,7.409,294721.049419,1,294177.563843,24.060525,286.217494,27.368610,205.838948,0.364579,0.193414,0.084676,8.825,0
755,1413394971.655761,40,45,706,628,0.000000,6,4.977,5.662,294660.523561,1,294178.250728,22.425928,273.574014,21.490272,164.782620,0.751693,0.193321,0.084661,6.660,0
756,1413394971.855761,0,44,588,525,0.000000,4,2.487,2.923,294571.692016,1,294165.986790,16.353517,236.843157,19.908650,132.599902,0.880704,0.193297,0.084659,3.504,0
757,1413394972.055760,0,44,565,509,0.000000,4,2.749,2.995,294558.208757,1,294164.143808,12.907267,232.044510,18.965819,130.147353,0.748416,0.193301,0.084657,3.658,0
758,1413394972.255760,0,44,555,499,0.000000,4,2.614,3.020,294554.951412,1,294162.731915,11.020145,231.799875,18.984877,130.414600,0.564235,0.193307,0.084657,3.646,0
759,1413394972.455760,0,44,473,421,0.000000,4,3.820,4.375,294558.692323,1,294169.947337,10.531629,231.358539,18.996537,127.858280,0.571665,0.193308,0.084658,5.160,0
760,1413394972.655761,0,42,434,383,0.000000,4,2.717,3.306,294559.192015,1,294177.738389,8.403521,231.713235,19.926358,121.410512,0.680473,0.193300,0.084660,3.930,0
761,1413394972.855761,14,21,368,325,0.000000,3,2.420,3.365,294552.009425,1,294190.486145,6.887149,219.638146,19.665533,115.332452,0.684015,0.193299,0.084664,4.029,0
762,1413394973.005760,29,0,348,309,0.000000,3,1.935,2.817,294351.584867,1,294201.570642,5.633153,102.621483,8.349344,33.410243,0.598877,0.193292,0.084663,3.444,0
763,1413394973.105761,65,4,342,317,0.000000,4,2.016,2.362,294310.927121,1,294208.443970,7.337016,59.645446,8.274347,27.226342,0.546304,0.193140,0.084658,3.098,0
764,1413394973.205760,120,12,274,248,0.000000,4,2.230,2.442,294439.101383,1,294213.855713,10.546166,128.640308,14.948007,71.111188,0.516739,0.192883,0.084644,2.985,0
765,1413394973.305760,108,40,320,293,0.000000,5,3.700,3.980,294746.230445,1,294217.315722,22.237130,257.801499,39.954478,208.921617,0.555726,0.192461,0.084603,4.724,0
766,1413394973.405761,150,76,380,345,0.000000,6,6.485,6.872,295301.202445,1,294225.300427,38.600546,530.393671,89.388064,417.519737,0.560449,0.192484,0.084596,7.823,0
767,1413394973.505760,168,86,361,328,54.053119,5,6.202,6.580,295640.583157,1,294231.706294,46.664402,672.084776,105.465328,584.662357,0.590031,0.192726,0.084582,7.461,0
768,1413394973.605761,176,124,377,343,57.047686,5,6.209,6.561,296093.553784,1,294235.744803,54.706349,852.035927,127.252785,823.813920,0.616870,0.192717,0.084567,7.353,0
769,1413394973.705760,184,161,410,367,57.512720,6,11.942,12.494,296735.866325,1,294234.893304,74.443217,1097.895428,155.965702,1172.668674,0.622619,0.192648,0.084553,13.669,0
770,1413394973.805760,176,173,428,387,59.559882,6,10.293,11.366,297197.381036,1,294238.048798,84.275126,1306.840534,163.637629,1404.578948,0.630575,0.192655,0.084541,12.513,0
771,1413394973.905761,167,184,462,422,63.249717,6,13.005,14.470,297796.116054,1,294272.701184,97.927268,1542.614039,177.616703,1705.256861,0.607736,0.192641,0.084531,15.742,0
772,1413394974.005760,177,193,489,448,59.945383,6,13.271,16.219,298140.105128,1,294344.410997,108.929768,1613.793515,169.750440,1903.220408,0.591867,0.192440,0.084511,17.939,0
773,1413394974.105761,192,207,480,434,54.701502,6,17.786,22.372,298560.584326,1,294465.181355,143.976562,1661.584257,197.553843,2092.288308,0.564887,0.192513,0.084500,23.941,0
774,1413394974.205760,183,237,501,464,51.166580,6,22.103,29.668,299165.186211,1,294834.647306,105.602107,1744.566098,159.415015,2320.955685,0.538712,0.192533,0.084490,32.515,0
775,1413394974.305760,195,253,503,476,48.599141,6,24.893,35.957,299547.129546,1,295114.439438,117.556377,1645.555281,171.545138,2498.033312,0.503857,0.192639,0.084479,39.031,0
776,1413394974.405761,199,253,520,484,50.163425,6,26.666,41.548,300200.306056,1,295706.193857,109.144900,1559.439089,203.764027,2621.764183,0.496385,0.192748,0.084476,45.213,0
777,1413394974.505760,191,239,530,493,50.824840,7,28.877,40.410,301335.939741,1,296609.352201,91.851287,1602.771419,183.087066,2848.877768,0.493954,0.192496,0.084470,43.320,0
778,1413394974.605761,179,227,536,501,51.429223,7,25.308,34.167,302150.769111,1,297490.174512,95.706538,1597.199331,170.350147,2797.338582,0.481440,0.192370,0.084472,36.300,0
779,1413394974.705760,176,229,532,497,50.797203,7,25.624,33.979,302918.176253,1,298398.116211,91.468994,1546.104152,158.677298,2723.809599,0.471229,0.192351,0.084475,36.073,0
780,1413394974.805760,179,226,521,487,50.079054,7,26.695,35.550,303757.059204,1,299173.942431,83.602935,1602.336748,160.782366,2736.394724,0.446369,0.192244,0.084474,38.314,0
781,1413394974.905761,176,225,517,479,44.955322,7,29.504,41.698,304485.214646,1,300002.904997,83.954867,1586.435052,163.268290,2648.651440,0.418933,0.192038,0.084471,44.208,0
782,1413394975.005760,169,234,493,454,43.272635,8,27.961,40.455,305354.609452,1,300960.404732,75.672705,1498.757179,182.180851,2637.593985,0.420024,0.191705,0.084472,43.617,0
783,1413394975.105761,158,227,510,457,0.000000,7,27.050,41.398,306248.172234,1,302053.425746,75.500515,1418.549003,173.162553,2527.534418,0.422115,0.191421,0.084470,44.702,0
784,1413394975.205760,184,209,543,477,34.761376,8,31.298,46.774,307207.170305,1,303187.209091,75.827220,1318.051134,178.283054,2447.799806,0.453951,0.191165,0.084467,50.305,0
785,1413394975.305760,178,195,536,467,28.259920,7,23.394,42.751,308252.704733,1,304317.016418,75.594099,1353.918693,163.212809,2342.962714,0.464295,0.191161,0.084466,45.475,0
786,1413394975.405761,155,202,529,456,0.000000,2,42.076,74.823,308945.604755,0,305323.823836,60.354327,1091.328366,141.319743,2328.778484,0.431959,0.191330,0.084445,86.243,0
787,1413394975.505760,172,202,544,454,23.011513,6,47.478,70.613,309785.534203,0,306270.652269,59.112688,1165.838743,147.193518,2142.736984,0.385135,0.191452,0.084463,73.732,0
788,1413394975.605761,160,196,548,460,0.000000,3,41.712,66.457,310563.426053,0,307105.380008,63.965833,1120.246726,147.214935,2126.618550,0.351790,0.191572,0.084457,69.938,0
789,1413394975.755760,160,191,565,469,0.000000,6,26.946,38.239,311359.886196,1,307993.702521,66.190939,1086.817475,134.547843,2078.627419,0.327003,0.191625,0.084467,40.611,0
790,1413394975.855761,167,186,560,459,22.831249,6,26.970,38.078,312497.453733,1,308959.553628,77.235020,1163.722626,124.986359,2171.956100,0.311084,0.191404,0.084474,40.829,0
791,1413394976.055760,123,184,549,449,0.000000,6,14.025,22.338,313447.182808,1,309823.100219,76.858310,1284.256169,122.501274,2140.466837,0.338238,0.190992,0.084475,23.907,0
792,1413394976.255760,128,169,578,462,0.000000,9,22.406,31.162,314173.424301,1,310540.478368,89.405585,1392.674088,112.233162,2038.633097,0.361082,0.190684,0.084475,33.056,0
793,1413394976.455760,110,154,571,469,0.000000,5,10.784,17.769,314774.404383,1,311219.891271,81.806521,1340.157252,96.885571,2035.663768,0.435505,0.190518,0.084472,19.163,0
794,1413394976.605761,130,153,579,477,0.000000,5,11.268,17.432,315088.218035,1,311762.247723,84.247328,1159.087830,97.794849,1984.840306,0.534134,0.190404,0.084485,18.881,0
795,1413394976.755760,61,144,598,500,0.000000,6,11.705,20.526,315288.947716,1,312274.078109,76.566877,1053.089697,100.957234,1784.255798,0.680293,0.190462,0.084490,21.819,0
796,1413394976.855761,64,131,598,503,0.000000,5,11.485,20.336,315589.404305,1,312842.342232,79.055192,956.208071,90.316804,1621.482005,0.728969,0.190451,0.084491,22.313,0
797,1413394976.955760,89,112,616,506,0.000000,5,10.841,17.112,315815.445706,1,313321.773252,63.663418,855.471780,75.669850,1498.867406,0.684916,0.190343,0.084490,18.517,0
798,1413394977.105761,100,105,646,523,0.000000,5,6.730,11.400,315635.916726,1,313753.081460,65.300520,610.865615,74.377935,1132.291196,0.430779,0.190066,0.084483,12.295,0
799,1413394977.205760,123,115,635,513,0.000000,5,8.087,12.035,315821.709456,1,314173.006511,61.960779,515.535261,75.439870,995.767036,0.207744,0.189815,0.084473,13.117,0
800,1413394977.405761,51,99,674,563,0.000000,4,4.974,7.894,316006.143789,1,314556.876941,61.757655,509.216003,74.591012,803.702178,0.653116,0.189637,0.084460,8.792,0
801,1413394977.605761,79,69,681,575,0.000000,5,6.748,10.655,316096.767350,1,314858.119600,63.835951,527.332576,51.812025,595.667198,1.200815,0.189866,0.084454,11.930,0
802,1413394977.805760,41,54,649,540,0.000000,4,8.715,13.543,315903.561271,1,315064.700464,55.909287,422.933291,35.100381,324.917847,1.737222,0.189875,0.084456,14.949,0
803,1413394978.005760,14,48,566,480,0.000000,4,7.917,12.277,315833.580846,1,315180.913957,51.771731,343.253973,20.141288,237.499896,2.002144,0.189812,0.084453,16.244,0
804,1413394978.155761,18,41,588,503,0.000000,4,6.123,10.591,315786.270571,1,315233.183351,50.715239,305.348913,16.377088,180.645980,2.015829,0.189760,0.084450,12.160,0
805,1413394978.255760,88,36,579,483,0.000000,4,6.932,10.209,315743.359191,1,315224.381942,49.948623,280.028327,13.715660,175.284639,1.985173,0.189736,0.084444,11.699,0
806,1413394978.355761,112,24,576,475,0.000000,4,8.935,13.763,315761.491340,1,315231.021520,37.869984,289.182083,16.365555,187.052199,1.951533,0.189626,0.084439,17.302,0
807,1413394978.455760,127,76,557,463,0.000000,5,12.616,15.515,315978.778589,1,315190.240226,46.219403,376.078576,36.349911,329.890473,1.930107,0.189643,0.084430,17.146,0
808,1413394978.555760,143,93,507,440,0.000000,6,22.551,25.454,316233.004909,1,315209.292623,38.558578,496.469928,40.100784,448.582997,1.941838,0.189650,0.084425,28.902,0
809,1413394978.655761,140,109,500,434,0.000000,6,24.025,28.382,316386.061741,1,315186.420055,33.951387,536.298289,54.166476,575.225534,1.930593,0.189664,0.084418,30.459,0
810,1413394978.755760,150,124,470,407,0.000000,6,30.637,36.055,316524.828365,1,315143.616598,23.358618,591.320775,58.651707,707.880667,1.923421,0.189779,0.084412,41.340,0
811,1413394978.855761,163,138,445,387,23.216682,6,26.616,28.992,316794.600060,1,315123.731693,23.338690,711.074134,62.621644,873.833899,1.901781,0.189689,0.084402,31.050,0
812,1413394978.955760,171,157,454,391,22.326613,6,16.352,18.187,317085.407149,1,315118.713875,25.486994,822.963356,68.987924,1049.255000,1.857412,0.189550,0.084399,20.346,0
813,1413394979.055760,147,176,459,389,0.000000,6,14.207,16.100,317452.446538,1,315129.375140,25.845034,1000.042814,80.647222,1216.536327,1.796777,0.189505,0.084404,18.169,0
814,1413394979.155761,102,176,451,376,0.000000,6,16.466,21.728,317466.631324,1,315142.196376,26.713998,1009.506281,87.059764,1201.154906,1.700938,0.189481,0.084407,23.918,0
815,1413394979.255760,68,163,461,387,0.000000,6,14.260,19.820,317350.336467,1,315332.226684,31.307871,809.603710,95.449267,1081.748934,1.567392,0.189470,0.084404,21.500,0
816,1413394979.355761,75,154,467,373,0.000000,6,15.356,22.451,317539.353345,1,315691.251767,33.749646,761.518446,95.952871,956.880616,1.381975,0.189464,0.084399,24.493,0
817,1413394979.455760,37,151,442,353,0.000000,6,12.748,19.369,317666.769909,1,316045.430624,42.220051,644.272376,85.133269,849.713589,1.083810,0.189486,0.084396,20.965,0
818,1413394979.555760,41,153,418,334,0.000000,5,10.844,17.961,318001.226759,1,316377.985778,51.954035,664.818935,102.791548,803.676464,0.728466,0.189509,0.084390,19.556,0
819,1413394979.655761,48,137,432,348,0.000000,6,11.337,18.620,318158.616685,1,316720.944448,54.236794,556.383747,107.513723,719.537973,0.450658,0.189532,0.084393,20.211,0
820,1413394979.755760,47,102,397,314,0.000000,5,9.055,15.985,318456.017552,1,317055.930142,63.169358,599.157224,98.185994,639.574835,0.306534,0.189505,0.084393,17.382,0
821,1413394979.855761,13,68,346,272,0.000000,5,7.036,11.503,318259.172428,1,317324.035816,58.136030,424.063170,69.603187,383.334225,0.541644,0.189469,0.084385,12.476,0
822,1413394979.955760,30,48,321,252,0.000000,4,3.832,5.824,318193.707562,1,317499.199054,53.147109,329.170213,42.562313,269.628873,0.674071,0.189434,0.084381,6.620,0
823,1413394980.055760,67,30,367,294,0.000000,4,2.959,4.393,318169.030772,1,317599.544118,53.927933,280.466289,24.820817,210.271615,0.695148,0.189418,0.084377,5.128,0
824,1413394980.155761,166,30,392,310,0.000000,5,3.299,4.451,318501.961927,1,317647.877440,103.786187,360.021285,18.274771,372.002244,0.720699,0.189423,0.084373,5.137,0
825,1413394980.255760,184,29,418,305,7.145163,7,5.628,6.213,319013.499542,1,317714.761929,245.265666,491.515006,28.178677,533.778264,0.817505,0.189416,0.084360,6.974,0
826,1413394980.355761,157,44,407,311,0.000000,4,3.345,4.509,318596.234487,1,317708.644102,213.271026,305.070230,26.782242,342.466887,0.880411,0.189444,0.084362,5.186,0
827,1413394980.455760,146,89,432,323,0.000000,5,4.773,6.055,318900.571798,1,317792.417389,192.709910,392.895875,46.799779,475.748846,0.989766,0.189433,0.084356,6.743,0
828,1413394980.555760,147,94,461,347,0.000000,7,8.744,10.537,319117.118150,1,317884.762475,169.694599,458.742718,62.730054,541.188304,1.078519,0.189420,0.084352,11.636,0
829,1413394980.655761,152,118,495,373,0.000000,5,7.368,8.836,319294.586814,1,317974.403504,142.776702,503.968455,73.965513,599.472640,1.102241,0.189411,0.084350,9.812,0
830,1413394980.755760,166,136,472,353,25.490364,6,9.918,11.275,319563.338764,1,318024.637198,121.060643,626.246319,68.797991,722.596614,1.094707,0.189394,0.084348,12.561,0
831,1413394980.855761,165,152,507,385,18.312578,6,17.686,20.328,319853.869841,1,318040.055694,95.109276,777.971157,77.452010,863.281704,1.080729,0.189392,0.084350,22.168,0
832,1413394980.955760,185,180,538,417,15.269699,7,34.580,38.002,320338.732882,1,318066.150309,80.018402,969.345536,96.406824,1126.811811,1.036304,0.189404,0.084356,40.154,0
833,1413394981.055760,194,201,547,421,13.438822,8,34.698,42.133,320813.212842,1,318146.524553,65.793834,1149.955803,103.356192,1347.582459,0.986876,0.189417,0.084358,49.683,0
834,1413394981.155761,181,213,534,419,15.622780,7,37.456,49.057,321213.119287,0,318207.897300,45.952763,1308.799893,130.514675,1519.954657,0.969626,0.189408,0.084360,52.240,0
835,1413394981.255760,168,219,508,412,15.713836,5,47.171,59.375,321739.738704,0,318553.101459,38.105727,1353.436121,126.034229,1669.061168,0.944818,0.189378,0.084359,66.243,0
836,1413394981.355761,167,214,494,412,14.959748,3,35.884,49.665,322220.530411,0,318992.300009,40.482220,1443.731471,130.638396,1613.378315,0.904987,0.189349,0.084357,53.983,0
837,1413394981.455760,173,210,488,412,11.640827,7,31.353,45.774,322800.229472,1,319487.100889,50.751622,1259.570293,102.697618,1900.109049,0.857555,0.189345,0.084360,48.580,0
838,1413394981.555760,171,214,490,418,14.684492,4,38.213,55.421,323608.262435,0,319977.712857,46.512011,1405.903803,125.817942,2052.315822,0.810341,0.189334,0.084357,58.371,0
839,1413394981.655761,152,216,468,412,0.000000,4,46.852,67.175,324279.708097,0,320579.048399,42.497349,1355.478047,132.541615,2170.142687,0.773230,0.189305,0.084354,70.074,0
840,1413394981.755760,152,206,470,408,0.000000,8,37.556,61.327,325157.776575,1,321420.163898,39.493434,1263.861447,136.314883,2297.942914,0.719021,0.189306,0.084352,64.701,0
841,1413394981.855761,152,177,468,406,0.000000,7,35.390,48.194,326098.496888,1,322352.826993,38.370924,1249.076746,142.323819,2315.898406,0.651755,0.189318,0.084348,50.721,0
842,1413394981.955760,142,175,446,384,0.000000,8,19.524,30.402,327002.722419,1,323373.147124,36.207768,1229.644569,119.959564,2243.763393,0.555559,0.189365,0.084346,32.190,0
843,1413394982.055760,133,175,430,368,0.000000,8,17.707,27.431,328084.187214,1,324412.537620,39.539254,1219.428003,124.286303,2288.396035,0.483292,0.189442,0.084346,28.926,0
844,1413394982.155761,167,184,469,393,19.707516,7,16.369,27.246,329016.567576,1,325387.113183,47.163810,1263.978576,126.119476,2192.192530,0.442238,0.189529,0.084347,28.925,0
845,1413394982.255760,158,176,470,386,0.000000,7,21.313,32.864,329872.161215,1,326355.694205,57.520804,1207.530793,126.354446,2125.060965,0.479558,0.189585,0.084347,35.060,0
846,1413394982.355761,145,194,471,386,0.000000,6,20.469,34.044,330699.676631,1,327329.871907,66.733822,1162.246576,123.385032,2017.439293,0.578480,0.189611,0.084346,36.282,0
847,1413394982.455760,137,195,460,365,0.000000,9,27.294,40.744,331609.042569,1,328208.255192,73.315586,1263.775815,122.500571,1941.195405,0.715895,0.189581,0.084347,43.445,0
848,1413394982.555760,129,186,479,379,0.000000,6,15.959,27.235,332153.907007,1,328965.103342,79.427943,1234.366581,115.191996,1759.817145,0.870087,0.189600,0.084350,29.263,0
849,1413394982.655761,105,179,474,371,0.000000,6,18.330,28.915,332645.269741,1,329664.613633,68.629177,1164.335120,119.845807,1627.846004,1.022189,0.189639,0.084358,31.283,0
850,1413394982.755760,108,168,490,376,0.000000,5,15.869,24.477,332987.785423,1,330239.260022,54.266622,1167.441939,112.041033,1414.775809,1.169128,0.189693,0.084364,26.477,0
851,1413394982.855761,104,152,494,374,0.000000,5,13.893,21.661,333156.701103,1,330709.889299,41.118858,1010.374265,107.945102,1287.373579,1.290688,0.189731,0.084369,23.596,0
852,1413394983.005760,49,145,513,390,0.000000,5,11.803,19.735,333125.735034,1,331093.081809,26.306056,810.084919,96.618848,1099.643403,1.441168,0.189662,0.084366,21.802,0
853,1413394983.205760,35,127,508,401,0.000000,5,9.949,16.175,333171.775126,1,331406.797987,19.451745,672.171730,87.391982,985.961682,1.521124,0.189593,0.084369,17.760,0
854,1413394983.405761,35,110,512,404,0.000000,5,8.203,13.408,333150.606104,1,331696.600692,16.651093,553.950091,85.667245,797.736983,1.525428,0.189566,0.084368,14.699,0
855,1413394983.605761,50,89,533,416,0.000000,5,7.688,11.980,333168.872217,1,331959.034817,14.725266,441.993908,77.371768,675.746458,1.405162,0.189630,0.084371,13.163,0
856,1413394983.805760,85,78,564,444,0.000000,5,15.131,21.993,333111.735079,1,332154.175182,14.490624,330.028829,63.286238,549.754206,1.235280,0.189268,0.084372,23.685,0
857,1413394984.005760,119,80,580,459,0.000000,6,23.851,29.421,333196.074985,1,332294.742626,21.023911,308.479736,64.301356,507.527356,1.079772,0.188979,0.084370,31.521,0
858,1413394984.205760,139,74,604,476,0.000000,6,17.626,22.020,333346.921766,1,332384.136743,26.659760,330.912235,74.910277,530.302751,0.886683,0.188830,0.084365,23.663,0
859,1413394984.405761,129,79,604,484,0.000000,6,12.640,15.235,333413.219201,1,332422.261946,26.927271,336.916166,66.957613,560.156205,0.735610,0.188708,0.084360,16.869,0
860,1413394984.605761,126,102,571,470,0.000000,9,29.487,34.534,333542.782247,1,332422.344871,31.300277,401.414486,69.428809,618.293804,0.632443,0.188662,0.084369,36.391,0
861,1413394984.805760,95,112,553,457,0.000000,7,28.549,30.463,333679.100198,1,332454.970391,33.595591,449.321300,78.728086,662.484829,0.672362,0.188612,0.084368,35.017,0
862,1413394985.005760,77,119,548,448,0.000000,8,20.658,22.316,333836.736585,1,332475.377658,35.866875,508.759648,84.972633,731.759771,0.753711,0.188556,0.084368,23.906,0
863,1413394985.205760,86,124,564,469,0.000000,8,9.741,10.946,333912.714312,1,332517.852016,38.346187,522.149476,87.227134,747.139500,0.819958,0.188499,0.084371,12.060,0
864,1413394985.405761,70,127,576,483,0.000000,7,8.801,10.526,333854.526095,1,332465.223917,36.627114,524.718671,89.389246,738.567149,0.936092,0.188487,0.084372,11.756,0
865,1413394985.605761,49,129,583,490,0.000000,7,8.540,10.695,333973.940783,1,332552.601065,40.540930,513.959709,93.525560,773.313519,1.177410,0.188497,0.084371,11.675,0
866,1413394985.805760,66,115,569,476,0.000000,7,8.345,11.432,334117.013475,1,332732.859671,44.564286,491.344760,98.068638,750.176119,1.143735,0.188537,0.084369,12.326,0
867,1413394986.005760,81,87,579,472,0.000000,6,7.483,10.913,334198.410877,1,332975.690548,49.445232,418.254871,94.027419,660.992807,1.135368,0.188583,0.084368,11.799,0
868,1413394986.205760,29,74,526,431,0.000000,6,8.956,12.898,334207.545282,1,333245.550203,44.732911,351.321734,67.866261,498.074173,1.219150,0.188576,0.084365,14.116,0
869,1413394986.405761,46,68,489,390,0.000000,6,7.958,10.735,334239.754287,1,333445.685132,36.145523,301.032032,48.852563,408.039036,1.289049,0.188585,0.084363,11.698,0
870,1413394986.605761,50,57,452,356,0.000000,6,5.209,7.033,334372.464081,1,333588.500482,33.913021,309.963366,43.210955,396.876257,1.340272,0.188583,0.084361,7.710,0
871,1413394986.805760,46,43,445,348,0.000000,6,7.923,10.844,334578.116311,1,333727.821038,32.503966,372.233824,41.094624,404.462859,1.409348,0.188562,0.084357,12.012,0
872,1413394987.005760,46,45,411,314,0.000000,5,4.265,5.721,334419.230813,1,333843.858002,28.771687,231.676369,28.804257,286.120498,1.417162,0.188532,0.084355,6.399,0
873,1413394987.205760,61,44,374,283,0.000000,5,4.346,5.865,334417.283725,1,333914.894611,29.938581,200.485206,27.201103,244.764224,1.361898,0.188532,0.084354,6.559,0
874,1413394987.405761,37,41,351,262,0.000000,6,5.034,6.608,334541.804111,1,333987.832848,36.007461,227.687476,29.539089,260.737237,1.285855,0.188529,0.084354,7.287,0
875,1413394987.605761,17,38,318,233,0.000000,5,3.800,5.718,334491.287210,1,334060.653857,38.781192,166.587129,21.834102,203.430931,1.243749,0.188537,0.084352,6.514,0
876,1413394987.805760,0,36,240,185,0.000000,6,5.076,6.650,334522.102438,1,334139.651328,37.949848,145.995035,21.829329,176.676898,1.219875,0.188544,0.084355,7.376,0
877,1413394988.005760,0,33,199,144,0.000000,5,3.501,4.806,334533.008813,1,334199.320652,39.062369,122.743808,21.044468,150.837516,1.237317,0.188543,0.084356,5.379,0
878,1413394988.205760,0,28,181,136,0.000000,5,3.353,4.552,334552.466459,1,334261.710624,30.253068,114.955931,21.485058,124.061777,1.266415,0.188554,0.084354,5.096,0
879,1413394988.405761,0,26,155,111,0.000000,5,2.992,4.058,334536.649808,1,334315.281142,26.549840,87.858117,18.071874,88.888834,1.147897,0.188562,0.084356,4.648,0
880,1413394988.605761,0,21,121,83,0.000000,5,2.851,3.689,334552.058862,1,334358.225468,20.615466,83.362759,13.091873,76.763295,0.915687,0.188565,0.084355,4.281,0
881,1413394988.805760,0,11,106,72,0.000000,5,2.525,3.408,334523.376542,1,334381.287945,14.219835,63.531522,11.994898,52.342341,0.830964,0.188560,0.084354,3.934,0
882,1413394989.005760,0,0,69,55,0.000000,4,1.992,2.651,334485.750730,1,334413.686818,7.277103,27.507508,6.727150,30.552150,0.918892,0.188543,0.084354,3.274,0
883,1413394989.205760,42,0,101,86,0.000000,3,1.369,1.640,334397.568631,1,334396.377589,1.191042,0.000000,0.000000,0.000000,0.994946,0.188552,0.084353,2.293,0
884,1413394989.405761,78,0,135,119,0.000000,3,1.272,1.468,334380.439952,1,334380.177289,0.262663,0.000000,0.000000,0.000000,1.049483,0.188552,0.084353,2.065,0
885,1413394989.605761,105,24,195,150,0.000000,6,3.001,3.205,334688.250387,1,334427.136430,35.384996,124.093595,4.220522,97.414843,1.085122,0.188265,0.084228,3.836,0
886,1413394989.805760,26,29,216,166,0.000000,4,2.271,2.495,334693.905449,1,334433.388825,32.248389,126.010778,5.764422,96.493035,1.085046,0.188281,0.084229,3.195,0
887,1413394990.005760,19,30,252,201,0.000000,4,3.716,4.149,334721.980130,1,334438.999747,28.431404,145.343180,7.245746,101.960053,1.002534,0.188268,0.084226,5.187,0
888,1413394990.155761,34,31,305,251,0.000000,4,3.215,3.513,334730.618357,1,334443.019480,24.009656,149.230927,5.786923,108.571370,1.009364,0.188243,0.084219,4.335,0
889,1413394990.255760,68,35,356,290,0.000000,5,3.672,4.010,334779.558937,1,334444.958741,20.279142,169.736035,6.807557,137.777462,0.974416,0.188224,0.084219,4.976,0
890,1413394990.405761,60,37,408,333,0.000000,5,5.578,5.979,334789.401224,1,334445.967436,17.233782,175.657837,8.102276,142.439893,0.916509,0.188221,0.084213,6.837,0
891,1413394990.505760,77,50,459,376,0.000000,6,4.304,4.562,334926.011946,1,334453.823112,20.047701,231.519030,16.287184,204.334919,0.899332,0.188166,0.084216,5.300,0
892,1413394990.605761,89,42,517,435,0.000000,5,3.790,4.862,335039.884703,1,334464.232921,25.421862,260.594731,19.319022,270.316168,0.859274,0.188143,0.084207,5.642,0
893,1413394990.705760,116,48,525,444,0.000000,5,5.605,6.790,335182.213849,1,334511.100084,33.301065,288.158792,33.532681,316.121227,0.790867,0.188183,0.084202,7.684,0
894,1413394990.805760,125,67,483,428,0.000000,5,4.557,5.351,335419.542045,1,334522.753003,46.515200,338.178994,53.514272,458.580575,0.732221,0.188213,0.084194,6.099,0
895,1413394990.905761,162,89,506,439,19.568797,6,8.225,9.162,335722.491334,1,334537.354155,50.623308,473.129035,69.080110,592.304726,0.695003,0.188253,0.084189,10.066,0
896,1413394991.005760,181,107,522,449,12.743484,6,8.608,9.839,336194.642975,1,334567.059461,56.196823,632.629913,97.811749,840.945029,0.672299,0.188384,0.084183,10.732,0
897,1413394991.105761,184,104,533,450,8.086126,7,12.453,13.284,336925.205298,1,334583.957599,62.080707,869.120912,141.699046,1268.347033,0.663730,0.188455,0.084184,14.531,0
898,1413394991.205760,180,132,547,462,15.337990,6,11.559,12.790,336474.254596,1,334582.648041,57.613109,745.285334,110.799454,977.908658,0.655033,0.188465,0.084185,13.828,0
899,1413394991.305760,173,127,561,463,9.266954,6,16.736,18.383,337191.754876,1,334606.391231,62.326135,971.476084,139.019686,1412.541740,0.635999,0.188468,0.084173,20.391,0
900,1413394991.405761,158,143,554,457,14.272210,6,9.086,10.619,336899.331368,1,334605.588899,62.974987,911.082157,119.759878,1199.925447,0.613948,0.188465,0.084171,11.629,0
901,1413394991.505760,155,149,545,442,11.364352,6,17.159,21.067,337574.489742,1,334701.992820,62.475651,1144.025442,138.479302,1527.516527,0.575777,0.188389,0.084160,22.877,0
902,1413394991.605761,161,162,540,434,16.982281,7,19.563,23.576,337726.350810,1,334829.629626,62.891399,1117.840728,137.474495,1578.514561,0.560112,0.188420,0.084163,25.608,0
903,1413394991.705760,128,168,549,445,0.000000,6,15.323,19.256,337945.880712,1,334946.210092,64.014236,1110.495897,145.632039,1679.528449,0.547166,0.188645,0.084183,20.708,0
904,1413394991.805760,133,170,553,441,0.000000,6,12.861,17.385,337919.611923,1,335074.848189,58.673935,1055.208963,136.797602,1594.083234,0.552940,0.188748,0.084185,18.750,0
905,1413394991.905761,129,169,563,452,0.000000,6,16.134,21.977,338076.738436,1,335339.512047,47.960797,925.171941,131.103636,1632.990014,0.539155,0.188837,0.084196,23.526,0
906,1413394992.005760,164,164,581,473,15.907613,6,16.369,23.282,338445.311865,1,335729.657850,42.678149,897.899299,124.928455,1650.148112,0.487332,0.188840,0.084193,24.901,0
907,1413394992.105761,169,161,595,467,8.028800,6,14.643,16.379,338850.039599,1,336180.618488,42.442582,882.865555,129.224996,1614.887978,0.411700,0.188810,0.084193,18.107,0
908,1413394992.205760,145,168,593,466,0.000000,7,12.947,19.094,338642.234341,1,336171.599004,38.802597,809.147698,125.127348,1497.557694,0.320771,0.188793,0.084189,20.521,0
909,1413394992.305760,153,172,578,467,0.000000,5,12.590,19.370,339203.372362,1,336676.007438,48.166355,824.818682,125.527910,1528.851976,0.211505,0.188705,0.084180,21.112,0
910,1413394992.405761,167,168,563,454,17.914560,5,10.573,17.330,339748.103859,1,337190.507372,41.867726,818.266817,138.835643,1558.626302,0.148132,0.188650,0.084170,18.723,0
911,1413394992.505760,138,168,556,460,0.000000,5,12.741,19.041,340263.254692,1,337726.233352,39.172977,861.491390,138.995755,1497.361218,0.135717,0.188613,0.084163,20.556,0
912,1413394992.605761,140,168,553,461,0.000000,5,12.471,18.116,340918.839255,1,338221.969784,33.402327,982.973907,141.016841,1539.476395,0.156084,0.188569,0.084157,19.424,0
913,1413394992.705760,159,154,569,482,0.000000,5,10.096,15.344,341266.509224,1,338674.269043,37.319763,941.776274,126.576719,1486.567426,0.170565,0.188579,0.084158,16.641,0
914,1413394992.805760,191,150,567,471,11.746577,5,11.507,16.744,341977.234272,1,339110.733673,34.371766,1061.915481,129.680489,1640.532864,0.159366,0.188559,0.084157,17.889,0
915,1413394992.905761,191,150,592,483,7.168705,5,11.887,13.184,342444.192985,1,339439.697807,40.626743,1131.115102,122.780951,1709.972382,0.130760,0.188472,0.084153,14.463,0
916,1413394993.005760,200,179,584,476,15.046542,5,24.528,35.856,342473.967263,1,339435.482555,41.106789,1152.749865,123.797384,1720.830670,0.110616,0.188444,0.084149,38.190,0
917,1413394993.105761,194,176,593,481,6.680768,6,33.884,36.839,343184.619608,1,339876.768487,45.694552,1297.597782,145.540972,1819.017816,0.180158,0.188361,0.084145,39.646,0
918,1413394993.205760,182,193,556,447,13.589898,5,33.714,44.221,343032.146196,1,339871.337873,48.714610,1221.099832,137.272770,1753.721110,0.260834,0.188313,0.084143,47.365,0
919,1413394993.305760,195,191,584,456,7.630486,5,29.918,32.455,343685.048361,1,340413.399313,45.238635,1189.005361,145.965767,1891.439285,0.327196,0.188203,0.084142,35.518,0
920,1413394993.405761,187,190,558,442,15.135934,5,23.380,35.281,343677.732308,1,340408.757190,45.025287,1205.754079,142.808482,1875.387270,0.330291,0.188114,0.084137,38.592,0
921,1413394993.505760,193,189,579,445,6.201622,5,31.142,33.800,344689.507997,1,341015.742191,52.633309,1316.298367,146.245536,2158.588594,0.319928,0.188023,0.084133,40.453,0
922,1413394993.605761,186,187,592,462,9.810402,4,48.620,48.620,344614.307338,1,341010.711602,55.687953,1292.596734,144.474629,2110.836419,0.328409,0.187977,0.084129,55.213,0
923,1413394993.705760,173,188,584,469,10.049328,4,30.285,43.616,344531.895366,1,341012.472749,58.076091,1276.537939,143.110174,2041.698412,0.355720,0.187941,0.084124,46.326,0
924,1413394993.805760,146,184,567,459,0.000000,6,34.221,61.215,344884.232364,1,341429.317289,66.310703,1236.204053,135.866669,2016.533651,0.424026,0.187928,0.084121,67.853,0
925,1413394993.905761,117,185,554,447,0.000000,5,44.673,67.148,345583.314251,1,341971.639207,60.235128,1314.800534,141.133201,2095.506180,0.495000,0.187887,0.084116,73.052,0
926,1413394994.005760,110,188,534,427,0.000000,5,31.003,48.113,346462.454046,1,342497.481585,57.348111,1553.116986,137.027051,2217.480313,0.487430,0.187881,0.084113,50.954,0
927,1413394994.105761,68,180,530,427,0.000000,6,23.147,32.716,345948.218912,1,342865.041120,52.012477,1058.046448,129.230444,1843.888423,0.418906,0.187874,0.084109,34.649,0
928,1413394994.205760,59,166,531,432,0.000000,6,15.888,24.764,346227.634315,1,343549.954977,47.122462,866.972352,126.535321,1637.049204,0.282990,0.187891,0.084105,26.457,0
929,1413394994.405761,57,159,501,419,0.000000,6,13.679,22.751,346743.601181,1,344310.744515,58.487631,796.839317,114.188215,1463.341505,0.151340,0.187865,0.084094,24.088,0
930,1413394994.605761,83,132,491,409,0.000000,5,10.029,17.598,347189.018936,1,345019.581426,97.911645,722.054809,108.470213,1241.000844,0.086575,0.187869,0.084073,18.786,0
931,1413394994.805760,84,123,499,427,0.000000,6,9.227,14.808,347702.139909,1,345651.305930,138.685882,721.946012,102.910267,1087.291818,0.267993,0.187989,0.084056,15.909,0
932,1413394995.005760,122,124,467,408,0.000000,5,7.549,13.153,348173.495105,1,346154.593834,164.466032,761.959971,98.452095,994.023174,0.246861,0.187961,0.084035,14.076,0
933,1413394995.205760,93,106,453,399,0.000000,4,6.103,10.953,348490.417456,1,346599.733348,179.357267,767.591527,91.905600,851.829714,0.480786,0.187901,0.084029,11.983,0
934,1413394995.405761,102,101,449,396,0.000000,5,6.365,9.375,348766.992065,1,346974.666485,195.649719,715.842981,78.731668,802.101212,0.453409,0.187712,0.084013,10.262,0
935,1413394995.605761,109,106,429,381,0.000000,6,8.142,10.422,349159.845432,1,347256.357117,209.101334,741.675234,90.779670,861.932077,0.409259,0.187496,0.083998,11.276,0
936,1413394995.805760,34,107,424,373,0.000000,4,5.797,8.060,349292.068246,1,347459.728099,202.580381,692.409455,88.557082,848.793229,0.303777,0.187406,0.084000,9.106,0
937,1413394996.005760,3,103,386,340,0.000000,4,5.397,7.781,349392.368430,1,347609.921222,183.156586,667.925516,87.175548,844.189559,0.342837,0.187448,0.084006,8.661,0
938,1413394996.205760,0,101,364,323,0.000000,5,7.415,9.359,349470.126629,1,347803.543931,143.440515,685.318358,82.159690,755.664136,0.218499,0.187459,0.084015,10.578,0
939,1413394996.405761,0,80,362,326,0.000000,5,5.587,7.930,349268.694593,1,347865.458066,68.439970,556.443512,83.279049,695.073996,0.113423,0.187429,0.084014,8.732,0
940,1413394996.605761,79,66,418,322,0.000000,4,3.671,5.491,348684.693992,1,347916.690061,34.724402,219.935325,68.523902,444.820302,0.108404,0.187401,0.084014,6.180,0
941,1413394996.805760,171,60,450,270,0.000000,4,3.672,5.204,348581.756304,1,348040.931370,23.062144,123.186711,57.972742,336.603336,0.115782,0.187369,0.084012,5.928,0
942,1413394997.005760,175,60,469,279,3.046431,11,5.345,5.345,349387.793168,0,348242.974283,87.193092,605.434374,72.940960,379.250459,0.008453,0.186354,0.083964,6.196,0
943,1413394997.205760,176,60,475,272,3.585048,7,7.868,7.869,349140.392389,1,348250.031063,72.875392,325.638388,73.821590,418.025955,0.000720,0.186258,0.083966,9.059,0
944,1413394997.405761,173,60,482,273,3.859748,5,5.350,5.351,348940.398971,1,348250.558260,73.022838,261.537591,78.600925,276.679357,0.001427,0.186231,0.083962,6.383,0
945,1413394997.605761,181,60,494,265,3.866473,4,4.957,4.958,348939.648448,1,348251.082342,74.380463,249.811767,78.417840,285.956036,0.002304,0.186207,0.083956,5.984,0
946,1413394997.805760,182,60,499,274,4.084216,5,4.852,4.853,348925.458683,1,348251.112727,75.669997,247.663502,72.029494,278.982963,0.000945,0.186194,0.083953,5.751,0
947,1413394998.005760,183,60,505,273,4.320990,5,6.286,6.286,348940.395816,1,348251.605576,76.807773,240.721333,72.648734,298.612400,0.004767,0.186174,0.083950,7.492,0
948,1413394998.205760,195,60,519,280,4.603921,6,7.081,7.081,348936.632907,1,348252.701562,78.984096,234.036242,71.929407,298.981600,0.004730,0.186149,0.083946,8.248,0
