frame_id,timestamp,forward_success,forward_total,ransac_rejected_temporal,stereo_candidates,stereo_success,stereo_gate_depth_rejects,stereo_gate_reproj_rejects,new_features,total_features,extraction_time_ms,matcher_time_ms,total_time_ms
0,1664949265.175136,0,0,0,175,126,0,0,175,175,13.938000,0.000000,17.556000
1,1664949265.275154,168,175,0,178,127,0,0,12,178,8.280000,0.000000,11.802000
2,1664949265.375172,172,178,0,177,123,0,0,5,177,8.358000,0.000000,11.299000
3,1664949265.475185,173,177,0,177,123,0,0,4,177,8.355000,0.000000,11.453000
4,1664949265.575196,176,177,0,178,123,0,0,2,178,8.322000,0.000000,11.476000
5,1664949265.675203,177,178,0,178,123,0,0,1,178,8.394000,0.000000,11.462000
6,1664949265.775209,178,178,0,178,124,0,0,0,178,8.237000,0.000000,11.164000
7,1664949265.875213,178,178,0,178,123,0,0,0,178,8.276000,0.000000,10.933000
8,1664949265.975215,178,178,0,178,124,0,0,1,178,8.260000,0.000000,11.233000
9,1664949266.075218,178,178,0,178,125,0,0,0,178,8.279000,0.000000,11.454000
10,1664949266.175220,178,178,0,178,124,0,0,0,178,8.026000,0.000000,10.857000
11,1664949266.275221,178,178,0,178,125,0,0,0,178,8.103000,0.000000,10.904000
12,1664949266.375221,178,178,0,179,123,0,0,1,179,8.494000,0.000000,11.463000
13,1664949266.475222,179,179,0,179,124,0,0,1,179,8.260000,0.000000,11.159000
14,1664949266.575223,179,179,0,179,127,0,0,0,179,8.062000,0.000000,10.860000
15,1664949266.675223,179,179,0,179,127,0,0,0,179,8.207000,0.000000,11.200000
16,1664949266.775223,179,179,0,179,126,0,0,0,179,8.314000,0.000000,11.413000
17,1664949266.875223,179,179,0,179,127,0,0,0,179,8.186000,0.000000,11.044000
18,1664949266.975223,179,179,0,179,127,0,0,0,179,8.170000,0.000000,11.121000
19,1664949267.075224,179,179,0,179,129,0,0,0,179,8.241000,0.000000,11.361000
20,1664949267.175224,179,179,0,179,127,0,0,0,179,7.996000,0.000000,10.997000
21,1664949267.275224,179,179,0,179,127,0,0,0,179,8.169000,0.000000,11.053000
22,1664949267.375224,179,179,0,179,126,0,0,0,179,8.291000,0.000000,11.236000
23,1664949267.475224,179,179,0,179,127,0,0,0,179,8.081000,0.000000,10.763000
24,1664949267.575224,179,179,0,179,126,0,0,0,179,7.912000,0.000000,11.250000
25,1664949267.675224,179,179,0,179,125,0,0,0,179,8.044000,0.000000,11.187000
26,1664949267.775224,179,179,0,179,127,0,0,0,179,8.411000,0.000000,11.487000
27,1664949267.875224,179,179,0,179,126,0,0,0,179,8.069000,0.000000,11.141000
28,1664949267.975224,179,179,0,179,126,0,0,0,179,9.427000,0.000000,13.051000
29,1664949268.075224,179,179,0,179,125,0,0,0,179,9.797000,0.000000,13.024000
30,1664949268.175224,179,179,0,179,126,0,0,0,179,8.606000,0.000000,11.719000
31,1664949268.275224,179,179,0,179,126,0,0,0,179,9.215000,0.000000,12.207000
32,1664949268.375224,179,179,0,179,124,0,0,0,179,9.487000,0.000000,12.951000
33,1664949268.475224,179,179,0,179,125,0,0,0,179,8.596000,0.000000,11.503000
34,1664949268.575224,179,179,0,179,126,0,0,0,179,8.008000,0.000000,11.167000
35,1664949268.675224,179,179,0,179,127,0,0,0,179,8.566000,0.000000,12.842000
36,1664949268.775224,179,179,0,179,126,0,0,0,179,8.298000,0.000000,12.859000
37,1664949268.875224,179,179,0,179,127,0,0,0,179,8.232000,0.000000,12.433000
38,1664949268.975224,179,179,0,179,128,0,0,0,179,8.356000,0.000000,11.439000
39,1664949269.075224,179,179,0,179,129,0,0,0,179,8.337000,0.000000,11.222000
40,1664949269.175224,179,179,0,179,128,0,0,0,179,8.312000,0.000000,11.514000
41,1664949269.275224,179,179,0,179,127,0,0,0,179,8.223000,0.000000,11.480000
42,1664949269.375224,179,179,0,179,126,0,0,0,179,8.238000,0.000000,11.611000
43,1664949269.475224,179,179,0,179,125,0,0,0,179,8.515000,0.000000,11.464000
44,1664949269.575224,179,179,0,179,129,0,0,0,179,8.439000,0.000000,11.506000
45,1664949269.675224,179,179,0,179,128,0,0,0,179,8.293000,0.000000,11.394000
46,1664949269.775224,179,179,0,179,126,0,0,0,179,8.082000,0.000000,11.295000
47,1664949269.875224,179,179,0,179,127,0,0,0,179,8.467000,0.000000,11.658000
48,1664949269.975224,179,179,0,179,126,0,0,0,179,9.557000,0.000000,13.288000
49,1664949270.075224,179,179,0,179,126,0,0,0,179,9.577000,0.000000,13.279000
50,1664949270.175224,179,179,0,179,126,0,0,0,179,8.811000,0.000000,12.013000
51,1664949270.275224,179,179,0,179,127,0,0,0,179,8.229000,0.000000,11.369000
52,1664949270.375224,179,179,0,179,129,0,0,0,179,8.108000,0.000000,11.525000
53,1664949270.475224,179,179,0,179,128,0,0,0,179,8.149000,0.000000,11.512000
54,1664949270.575224,179,179,0,179,129,0,0,0,179,8.047000,0.000000,11.403000
55,1664949270.675224,179,179,0,179,126,0,0,0,179,8.113000,0.000000,11.314000
56,1664949270.775224,179,179,0,179,131,0,0,0,179,8.053000,0.000000,11.342000
57,1664949270.875224,179,179,0,179,128,0,0,0,179,8.327000,0.000000,11.761000
58,1664949270.975224,179,179,0,179,125,0,0,0,179,8.051000,0.000000,11.281000
59,1664949271.075224,179,179,0,179,125,0,0,0,179,8.274000,0.000000,11.465000
60,1664949271.175224,179,179,0,179,124,0,0,0,179,8.261000,0.000000,11.464000
61,1664949271.275224,179,179,0,179,126,0,0,0,179,8.509000,0.000000,11.839000
62,1664949271.375224,179,179,0,179,128,0,0,0,179,8.268000,0.000000,11.518000
63,1664949271.475224,179,179,0,179,126,0,0,0,179,8.287000,0.000000,11.445000
64,1664949271.575224,179,179,0,179,129,0,0,0,179,8.106000,0.000000,11.349000
65,1664949271.675224,179,179,0,179,129,0,0,0,179,8.029000,0.000000,11.247000
66,1664949271.775224,179,179,0,179,127,0,0,0,179,8.262000,0.000000,11.557000
67,1664949271.875224,179,179,0,179,128,0,0,0,179,8.212000,0.000000,11.347000
68,1664949271.975224,179,179,0,179,127,0,0,0,179,8.285000,0.000000,11.306000
69,1664949272.075224,179,179,0,179,128,0,0,0,179,8.235000,0.000000,11.424000
70,1664949272.175224,179,179,0,179,127,0,0,0,179,8.190000,0.000000,11.182000
71,1664949272.275224,179,179,0,179,128,0,0,0,179,8.003000,0.000000,10.850000
72,1664949272.375224,179,179,0,179,126,0,0,0,179,8.281000,0.000000,11.122000
73,1664949272.475224,179,179,0,179,124,0,0,0,179,8.375000,0.000000,11.432000
74,1664949272.575224,179,179,0,179,125,0,0,0,179,8.239000,0.000000,11.522000
75,1664949272.675224,179,179,0,179,124,0,0,0,179,8.249000,0.000000,11.115000
76,1664949272.775224,179,179,0,179,126,0,0,0,179,8.173000,0.000000,11.262000
77,1664949272.875224,179,179,0,179,126,0,0,0,179,8.208000,0.000000,11.188000
78,1664949272.975224,179,179,0,180,126,0,0,1,180,8.053000,0.000000,11.277000
79,1664949273.075224,180,180,0,180,126,0,0,0,180,8.453000,0.000000,11.365000
80,1664949273.175224,180,180,0,180,127,0,0,0,180,7.998000,0.000000,11.150000
81,1664949273.275224,180,180,0,180,124,0,0,0,180,8.305000,0.000000,11.393000
82,1664949273.375224,180,180,0,180,127,0,0,0,180,8.487000,0.000000,11.555000
83,1664949273.475224,180,180,0,180,126,0,0,0,180,8.538000,0.000000,11.425000
84,1664949273.575224,180,180,0,178,122,0,0,0,178,8.475000,0.000000,11.507000
85,1664949273.675224,178,178,0,179,125,0,0,2,179,8.446000,0.000000,11.392000
86,1664949273.775224,179,179,0,184,126,0,0,6,184,9.181000,0.000000,12.441000
87,1664949273.875224,183,184,0,186,129,0,0,5,186,8.915000,0.000000,11.953000
88,1664949273.975224,185,186,0,190,132,0,0,5,190,8.347000,0.000000,11.773000
89,1664949274.075224,187,190,0,198,135,0,0,13,198,8.292000,0.000000,11.306000
90,1664949274.175224,196,198,0,198,136,0,0,2,198,8.070000,0.000000,11.274000
91,1664949274.275224,198,198,0,207,135,0,0,11,207,8.204000,0.000000,11.460000
92,1664949274.375224,207,207,0,209,136,0,0,4,209,8.184000,0.000000,11.429000
93,1664949274.475224,207,209,0,220,142,0,0,16,220,8.296000,0.000000,11.360000
94,1664949274.575224,219,220,0,244,159,0,0,25,244,8.228000,0.000000,11.778000
95,1664949274.675224,240,244,0,252,171,0,0,17,252,8.193000,0.000000,11.706000
96,1664949274.775224,243,252,0,256,174,0,0,15,256,8.136000,0.000000,11.741000
97,1664949274.875224,256,256,0,256,175,0,0,2,256,8.225000,0.000000,12.112000
98,1664949274.975224,252,256,0,256,171,0,0,7,256,8.295000,0.000000,11.769000
99,1664949275.075224,251,256,0,256,176,0,0,8,256,8.356000,0.000000,11.598000
100,1664949275.175224,250,256,0,256,174,0,0,8,256,8.258000,0.000000,12.241000
101,1664949275.275224,247,256,0,256,177,0,0,11,256,8.343000,0.000000,12.311000
102,1664949275.375224,247,256,0,256,181,0,0,14,256,8.446000,0.000000,12.117000
103,1664949275.475224,246,256,0,256,159,0,0,11,256,8.227000,0.000000,11.802000
104,1664949275.575224,243,256,0,256,157,0,0,13,256,8.022000,0.000000,11.870000
105,1664949275.675224,240,256,0,256,155,0,0,21,256,8.238000,0.000000,11.768000
106,1664949275.775224,245,256,0,256,160,0,0,13,256,8.064000,0.000000,11.717000
107,1664949275.875224,241,256,0,256,155,0,0,17,256,8.350000,0.000000,11.979000
108,1664949275.975224,246,256,0,256,162,0,0,15,256,8.326000,0.000000,12.025000
109,1664949276.075224,243,256,0,256,163,0,0,16,256,8.519000,0.000000,12.283000
110,1664949276.175224,236,256,0,256,169,0,0,22,256,8.293000,0.000000,12.116000
111,1664949276.275224,244,256,0,256,173,0,0,14,256,8.099000,0.000000,11.637000
112,1664949276.375224,243,256,0,256,174,0,0,15,256,8.316000,0.000000,12.005000
113,1664949276.475224,245,256,0,256,177,0,0,17,256,8.295000,0.000000,12.102000
114,1664949276.575224,243,256,0,256,179,0,0,15,256,8.240000,0.000000,11.881000
115,1664949276.675224,244,256,0,256,175,0,0,14,256,8.487000,0.000000,11.911000
116,1664949276.775224,243,256,0,256,174,0,0,15,256,8.560000,0.000000,12.189000
117,1664949276.875224,242,256,0,256,175,0,0,16,256,8.097000,0.000000,11.868000
118,1664949276.975224,243,256,0,256,177,0,0,14,256,8.342000,0.000000,12.307000
119,1664949277.075224,248,256,0,256,175,0,0,9,256,8.062000,0.000000,11.672000
120,1664949277.175224,244,256,0,256,182,0,0,14,256,8.282000,0.000000,11.934000
121,1664949277.275224,242,256,0,256,185,0,0,15,256,8.288000,0.000000,11.933000
122,1664949277.375224,243,256,0,256,177,0,0,13,256,8.152000,0.000000,11.796000
123,1664949277.475224,245,256,0,256,181,0,0,16,256,8.370000,0.000000,11.994000
124,1664949277.575224,248,256,0,256,187,0,0,9,256,8.197000,0.000000,11.908000
125,1664949277.675224,240,256,0,256,184,0,0,16,256,8.538000,0.000000,11.838000
126,1664949277.775224,237,256,0,256,189,0,0,19,256,8.475000,0.000000,11.948000
127,1664949277.875224,241,256,0,256,190,0,0,17,256,8.332000,0.000000,11.880000
128,1664949277.975224,244,256,0,256,194,0,0,12,256,8.066000,0.000000,11.482000
129,1664949278.075224,250,256,0,256,189,0,0,7,256,8.074000,0.000000,11.513000
130,1664949278.175224,249,256,0,256,195,0,0,10,256,8.302000,0.000000,11.735000
131,1664949278.275224,251,256,0,256,202,0,0,5,256,8.295000,0.000000,11.686000
132,1664949278.375224,253,256,0,256,191,0,0,7,256,8.247000,0.000000,11.647000
133,1664949278.475224,244,256,0,256,190,0,0,13,256,8.280000,0.000000,11.854000
134,1664949278.575224,242,256,0,256,189,0,0,16,256,8.074000,0.000000,11.858000
135,1664949278.675224,250,256,0,256,187,0,0,8,256,8.034000,0.000000,11.378000
136,1664949278.775224,247,256,0,256,188,0,0,12,256,8.328000,0.000000,11.739000
137,1664949278.875224,245,256,0,256,190,0,0,12,256,8.379000,0.000000,11.852000
138,1664949278.975224,246,256,0,256,194,0,0,12,256,8.295000,0.000000,11.755000
139,1664949279.075224,243,256,0,256,197,0,0,14,256,8.195000,0.000000,11.830000
140,1664949279.175224,245,256,0,256,199,0,0,12,256,8.103000,0.000000,11.463000
141,1664949279.275224,248,256,0,256,197,0,0,9,256,8.554000,0.000000,12.078000
142,1664949279.375224,248,256,0,256,204,0,0,9,256,8.584000,0.000000,11.976000
143,1664949279.475224,245,256,0,256,205,0,0,12,256,8.391000,0.000000,11.954000
144,1664949279.575224,249,256,0,256,201,0,0,8,256,8.228000,0.000000,11.953000
145,1664949279.675224,248,256,0,256,199,0,0,8,256,8.116000,0.000000,11.590000
146,1664949279.775224,248,256,0,256,206,0,0,9,256,8.262000,0.000000,11.642000
147,1664949279.875224,245,256,0,256,210,0,0,12,256,8.368000,0.000000,11.634000
148,1664949279.975224,250,256,0,256,207,0,0,7,256,8.046000,0.000000,11.417000
149,1664949280.075224,248,256,0,256,200,0,0,9,256,8.319000,0.000000,11.764000
150,1664949280.175224,249,256,0,256,202,0,0,7,256,8.197000,0.000000,11.765000
151,1664949280.275224,253,256,0,256,200,0,0,3,256,8.405000,0.000000,12.308000
152,1664949280.375224,249,256,0,256,203,0,0,8,256,8.443000,0.000000,11.904000
153,1664949280.475224,251,256,0,256,202,0,0,6,256,8.310000,0.000000,11.889000
154,1664949280.575224,252,256,0,256,203,0,0,5,256,8.311000,0.000000,11.685000
155,1664949280.675224,254,256,0,256,201,0,0,3,256,8.394000,0.000000,11.491000
156,1664949280.775224,248,256,0,256,199,0,0,8,256,8.033000,0.000000,11.186000
157,1664949280.875224,249,256,0,256,199,0,0,9,256,8.245000,0.000000,11.432000
158,1664949280.975224,251,256,0,256,203,0,0,5,256,8.417000,0.000000,11.934000
159,1664949281.075224,250,256,0,256,202,0,0,8,256,8.559000,0.000000,11.890000
160,1664949281.175224,250,256,0,256,205,0,0,8,256,8.189000,0.000000,11.464000
161,1664949281.275224,252,256,0,256,202,0,0,8,256,8.100000,0.000000,11.356000
162,1664949281.375224,249,256,0,256,204,0,0,10,256,8.319000,0.000000,12.041000
163,1664949281.475224,250,256,0,256,207,0,0,6,256,8.294000,0.000000,11.892000
164,1664949281.575224,247,256,0,256,196,0,0,9,256,8.305000,0.000000,11.920000
165,1664949281.675224,250,256,0,256,199,0,0,7,256,8.471000,0.000000,11.956000
166,1664949281.775224,248,256,0,256,205,0,0,8,256,8.334000,0.000000,11.853000
167,1664949281.875224,250,256,0,256,199,0,0,7,256,8.489000,0.000000,12.456000
168,1664949281.975224,250,256,0,256,205,0,0,7,256,8.317000,0.000000,11.967000
169,1664949282.075224,250,256,0,256,199,0,0,9,256,8.347000,0.000000,12.040000
170,1664949282.175224,245,256,0,256,204,0,0,11,256,8.264000,0.000000,11.788000
171,1664949282.275224,242,256,0,256,199,0,0,15,256,8.279000,0.000000,12.206000
172,1664949282.375224,248,256,0,256,194,0,0,9,256,8.563000,0.000000,12.047000
173,1664949282.475224,245,256,0,256,193,0,0,12,256,8.296000,0.000000,11.879000
174,1664949282.575224,244,256,0,256,183,0,0,13,256,8.329000,0.000000,11.925000
175,1664949282.675224,244,256,0,256,176,0,0,12,256,8.477000,0.000000,12.133000
176,1664949282.775224,243,256,0,256,186,0,0,14,256,8.359000,0.000000,11.789000
177,1664949282.875224,246,256,0,256,179,0,0,13,256,8.009000,0.000000,11.351000
178,1664949282.975224,239,256,0,256,187,0,0,18,256,8.260000,0.000000,11.849000
179,1664949283.075224,241,256,0,256,191,0,0,16,256,8.072000,0.000000,11.554000
180,1664949283.175224,240,256,0,256,195,0,0,18,256,8.311000,0.000000,11.892000
181,1664949283.275224,238,256,0,256,184,0,0,20,256,8.264000,0.000000,11.663000
182,1664949283.375224,230,256,0,256,192,0,0,28,256,8.450000,0.000000,11.846000
183,1664949283.475224,242,256,0,256,192,0,0,17,256,8.239000,0.000000,12.070000
184,1664949283.575224,241,256,0,256,196,0,0,15,256,8.278000,0.000000,11.762000
185,1664949283.675224,244,256,0,256,194,0,0,16,256,8.266000,0.000000,11.899000
186,1664949283.775224,247,256,0,256,193,0,0,12,256,8.190000,0.000000,11.603000
187,1664949283.875224,247,256,0,256,184,0,0,11,256,8.255000,0.000000,11.432000
188,1664949283.975224,242,256,0,256,174,0,0,16,256,8.238000,0.000000,11.886000
189,1664949284.075224,238,256,0,256,178,0,0,19,256,8.274000,0.000000,11.823000
190,1664949284.175224,243,256,0,256,181,0,0,14,256,8.027000,0.000000,11.497000
191,1664949284.275224,245,256,0,256,177,0,0,12,256,8.566000,0.000000,12.042000
192,1664949284.375224,242,256,0,256,180,0,0,18,256,8.017000,0.000000,11.559000
193,1664949284.475224,240,256,0,256,175,0,0,19,256,9.574000,0.000000,13.311000
194,1664949284.575224,243,256,0,256,182,0,0,15,256,9.469000,0.000000,12.870000
195,1664949284.675224,244,256,0,256,185,0,0,14,256,9.495000,0.000000,13.248000
196,1664949284.775224,244,256,0,256,182,0,0,12,256,9.488000,0.000000,13.008000
197,1664949284.875224,243,256,0,256,176,0,0,15,256,8.035000,0.000000,11.440000
198,1664949284.975224,238,256,0,256,188,0,0,18,256,8.216000,0.000000,12.235000
199,1664949285.075224,250,256,0,256,190,0,0,7,256,8.231000,0.000000,11.766000
200,1664949285.175224,251,256,0,256,181,0,0,7,256,8.286000,0.000000,11.604000
201,1664949285.275224,247,256,0,256,185,0,0,11,256,8.479000,0.000000,11.811000
202,1664949285.375224,247,256,0,256,188,0,0,10,256,8.085000,0.000000,11.427000
203,1664949285.475224,247,256,0,256,188,0,0,10,256,8.315000,0.000000,11.986000
204,1664949285.575224,247,256,0,256,202,0,0,10,256,8.082000,0.000000,11.482000
205,1664949285.675224,244,256,0,256,196,0,0,16,256,8.360000,0.000000,12.056000
206,1664949285.775224,248,256,0,256,199,0,0,10,256,8.217000,0.000000,11.488000
207,1664949285.875224,252,256,0,256,190,0,0,5,256,9.449000,0.000000,12.756000
208,1664949285.975224,246,256,0,256,186,0,0,11,256,10.710000,0.000000,16.802000
209,1664949286.075224,252,256,0,256,181,0,0,5,256,9.074000,0.000000,12.437000
210,1664949286.175224,246,256,0,256,182,0,0,11,256,8.181000,0.000000,11.825000
211,1664949286.275224,246,256,0,256,187,0,0,11,256,8.461000,0.000000,11.853000
212,1664949286.375224,243,256,0,256,189,0,0,14,256,8.330000,0.000000,11.728000
213,1664949286.475224,246,256,0,256,193,0,0,12,256,8.021000,0.000000,11.286000
214,1664949286.575224,244,256,0,256,191,0,0,12,256,8.056000,0.000000,11.355000
215,1664949286.675224,243,256,0,256,203,0,0,14,256,8.016000,0.000000,11.450000
216,1664949286.775224,244,256,0,256,205,0,0,15,256,8.258000,0.000000,11.624000
217,1664949286.875224,244,256,0,256,194,0,0,14,256,8.285000,0.000000,11.755000
218,1664949286.975224,252,256,0,256,204,0,0,8,256,8.344000,0.000000,11.695000
219,1664949287.075224,248,256,0,256,208,0,0,9,256,8.874000,0.000000,12.116000
220,1664949287.175224,249,256,0,256,194,0,0,9,256,8.241000,0.000000,11.528000
221,1664949287.275224,248,256,0,256,195,0,0,8,256,8.323000,0.000000,11.843000
222,1664949287.375224,252,256,0,256,199,0,0,5,256,8.357000,0.000000,11.938000
223,1664949287.475224,248,256,0,256,191,0,0,9,256,8.310000,0.000000,11.553000
224,1664949287.575224,254,256,0,256,194,0,0,4,256,9.078000,0.000000,12.604000
225,1664949287.675224,246,256,0,256,193,0,0,12,256,9.543000,0.000000,13.564000
226,1664949287.775224,245,256,0,256,193,0,0,12,256,9.985000,0.000000,13.739000
227,1664949287.875224,251,256,0,256,197,0,0,6,256,8.254000,0.000000,11.594000
228,1664949287.975224,247,256,0,256,201,0,0,11,256,8.228000,0.000000,11.714000
229,1664949288.075224,248,256,0,256,202,0,0,11,256,8.352000,0.000000,11.833000
230,1664949288.175224,250,256,0,256,201,0,0,9,256,8.331000,0.000000,11.666000
231,1664949288.275224,251,256,0,256,208,0,0,7,256,8.188000,0.000000,11.568000
232,1664949288.375224,253,256,0,256,199,0,0,4,256,8.266000,0.000000,11.842000
233,1664949288.475224,247,256,0,256,188,0,0,10,256,8.072000,0.000000,11.649000
234,1664949288.575224,248,256,0,256,193,0,0,8,256,8.186000,0.000000,11.662000
235,1664949288.675224,250,256,0,256,194,0,0,7,256,8.397000,0.000000,11.560000
236,1664949288.775224,251,256,0,256,174,0,0,5,256,8.194000,0.000000,11.526000
237,1664949288.875224,254,256,0,256,183,0,0,3,256,8.473000,0.000000,11.941000
238,1664949288.975224,243,256,0,256,190,0,0,16,256,8.887000,0.000000,12.471000
239,1664949289.075224,247,256,0,256,193,0,0,12,256,8.508000,0.000000,12.139000
240,1664949289.175224,243,256,0,256,188,0,0,16,256,8.253000,0.000000,11.440000
241,1664949289.275224,239,256,0,256,179,0,0,18,256,8.021000,0.000000,11.422000
242,1664949289.375224,248,256,0,256,182,0,0,10,256,8.328000,0.000000,11.621000
243,1664949289.475224,238,256,0,256,179,0,0,20,256,8.200000,0.000000,11.411000
244,1664949289.575224,243,256,0,256,182,0,0,14,256,8.276000,0.000000,11.727000
245,1664949289.675224,241,256,0,256,171,0,0,21,256,8.195000,0.000000,11.836000
246,1664949289.775224,246,256,0,256,175,0,0,14,256,8.356000,0.000000,11.836000
247,1664949289.875224,243,256,0,256,167,0,0,13,256,8.271000,0.000000,11.828000
248,1664949289.975224,244,256,0,256,168,0,0,15,256,8.329000,0.000000,11.699000
249,1664949290.075224,242,256,0,256,176,0,0,19,256,9.193000,0.000000,12.665000
250,1664949290.175224,243,256,0,256,177,0,0,14,256,9.470000,0.000000,12.908000
251,1664949290.275224,241,256,0,256,174,0,0,16,256,9.286000,0.000000,12.986000
252,1664949290.375224,247,256,0,256,177,0,0,9,256,9.454000,0.000000,13.017000
253,1664949290.475224,246,256,0,256,186,0,0,11,256,8.237000,0.000000,11.718000
254,1664949290.575224,250,256,0,256,180,0,0,6,256,8.105000,0.000000,11.569000
255,1664949290.675224,251,256,0,256,181,0,0,9,256,8.095000,0.000000,11.513000
256,1664949290.775224,246,256,0,256,177,0,0,12,256,8.274000,0.000000,11.476000
257,1664949290.875224,252,256,0,256,184,0,0,8,256,8.273000,0.000000,11.628000
258,1664949290.975224,251,256,0,256,183,0,0,6,256,8.071000,0.000000,11.392000
259,1664949291.075224,245,256,0,256,176,0,0,16,256,8.359000,0.000000,11.624000
260,1664949291.175224,245,256,0,256,168,0,0,13,256,8.321000,0.000000,11.339000
261,1664949291.275224,249,256,0,256,177,0,0,8,256,8.478000,0.000000,11.971000
262,1664949291.375224,246,256,0,256,186,0,0,14,256,8.239000,0.000000,11.859000
263,1664949291.475224,246,256,0,256,186,0,0,13,256,8.332000,0.000000,11.620000
264,1664949291.575224,244,256,0,256,177,0,0,12,256,8.183000,0.000000,11.597000
265,1664949291.675224,247,256,0,256,187,0,0,11,256,8.188000,0.000000,11.574000
266,1664949291.775224,249,256,0,256,185,0,0,7,256,8.192000,0.000000,11.737000
267,1664949291.875224,247,256,0,256,193,0,0,12,256,8.624000,0.000000,12.185000
268,1664949291.975224,243,256,0,256,188,0,0,15,256,8.191000,0.000000,11.532000
269,1664949292.075224,241,256,0,256,184,0,0,16,256,8.252000,0.000000,11.518000
270,1664949292.175224,246,256,0,256,187,0,0,11,256,8.300000,0.000000,11.529000
271,1664949292.275224,242,256,0,256,193,0,0,14,256,8.011000,0.000000,11.551000
272,1664949292.375224,247,256,0,256,195,0,0,10,256,8.196000,0.000000,11.708000
273,1664949292.475224,240,256,0,256,185,0,0,18,256,8.255000,0.000000,11.867000
274,1664949292.575224,247,256,0,256,188,0,0,11,256,8.265000,0.000000,11.679000
275,1664949292.675224,248,256,0,256,193,0,0,9,256,8.006000,0.000000,11.542000
276,1664949292.775224,252,256,0,256,188,0,0,7,256,8.446000,0.000000,11.722000
277,1664949292.875224,243,256,0,256,190,0,0,15,256,8.227000,0.000000,11.856000
278,1664949292.975224,245,256,0,256,197,0,0,13,256,8.190000,0.000000,11.529000
279,1664949293.075224,252,256,0,256,194,0,0,5,256,8.295000,0.000000,11.857000
280,1664949293.175224,249,256,0,256,192,0,0,10,256,8.121000,0.000000,11.782000
281,1664949293.275224,237,256,0,256,190,0,0,23,256,8.296000,0.000000,11.893000
282,1664949293.375224,239,256,0,256,202,0,0,20,256,8.354000,0.000000,11.927000
283,1664949293.475224,249,256,0,256,204,0,0,8,256,8.268000,0.000000,11.749000
284,1664949293.575224,248,256,0,256,207,0,0,9,256,8.093000,0.000000,11.666000
285,1664949293.675224,245,256,0,256,202,0,0,13,256,8.279000,0.000000,11.774000
286,1664949293.775224,249,256,0,256,200,0,0,8,256,8.128000,0.000000,11.636000
287,1664949293.875224,254,256,0,256,198,0,0,2,256,8.525000,0.000000,11.994000
288,1664949293.975224,256,256,0,256,200,0,0,1,256,8.397000,0.000000,12.066000
289,1664949294.075224,253,256,0,256,203,0,0,7,256,8.293000,0.000000,11.889000
290,1664949294.175224,254,256,0,256,206,0,0,4,256,8.480000,0.000000,12.029000
291,1664949294.275224,255,256,0,256,199,0,0,4,256,8.464000,0.000000,12.132000
292,1664949294.375224,248,256,0,256,207,0,0,10,256,8.251000,0.000000,11.571000
293,1664949294.475224,251,256,0,256,213,0,0,6,256,8.348000,0.000000,11.809000
294,1664949294.575224,252,256,0,256,205,0,0,5,256,8.356000,0.000000,11.922000
295,1664949294.675224,250,256,0,256,201,0,0,9,256,8.248000,0.000000,11.816000
296,1664949294.775224,250,256,0,256,198,0,0,7,256,8.252000,0.000000,11.861000
297,1664949294.875224,252,256,0,256,205,0,0,7,256,8.505000,0.000000,12.325000
298,1664949294.975224,250,256,0,256,205,0,0,7,256,8.247000,0.000000,11.757000
299,1664949295.075224,252,256,0,256,209,0,0,4,256,8.256000,0.000000,11.756000
300,1664949295.175224,254,256,0,256,199,0,0,6,256,8.460000,0.000000,11.844000
301,1664949295.275224,251,256,0,256,206,0,0,6,256,8.044000,0.000000,11.650000
302,1664949295.375224,251,256,0,256,212,0,0,6,256,8.268000,0.000000,11.886000
303,1664949295.475224,251,256,0,256,210,0,0,7,256,8.313000,0.000000,11.831000
304,1664949295.575224,251,256,0,256,209,0,0,5,256,8.365000,0.000000,12.110000
305,1664949295.675224,249,256,0,256,199,0,0,9,256,8.583000,0.000000,12.030000
306,1664949295.775224,244,256,0,256,201,0,0,12,256,8.450000,0.000000,12.103000
307,1664949295.875224,248,256,0,256,201,0,0,13,256,8.210000,0.000000,11.963000
308,1664949295.975224,249,256,0,256,200,0,0,13,256,8.216000,0.000000,11.726000
309,1664949296.075224,248,256,0,256,190,0,0,12,256,8.367000,0.000000,11.990000
310,1664949296.175224,244,256,0,256,197,0,0,12,256,8.564000,0.000000,11.948000
311,1664949296.275224,236,256,0,256,189,0,0,22,256,8.271000,0.000000,11.809000
312,1664949296.375224,239,256,0,256,199,0,0,17,256,8.540000,0.000000,12.108000
313,1664949296.475224,243,256,0,256,192,0,0,15,256,8.232000,0.000000,11.493000
314,1664949296.575224,248,256,0,256,186,0,0,9,256,8.353000,0.000000,11.966000
315,1664949296.675224,240,256,0,256,194,0,0,16,256,8.282000,0.000000,12.509000
316,1664949296.775224,248,256,0,256,200,0,0,9,256,8.259000,0.000000,12.008000
317,1664949296.875224,238,256,0,256,192,0,0,20,256,8.471000,0.000000,11.853000
318,1664949296.975224,249,256,0,256,197,0,0,10,256,8.372000,0.000000,12.063000
319,1664949297.075224,242,256,0,256,198,0,0,19,256,8.412000,0.000000,11.837000
320,1664949297.175224,235,256,0,256,197,0,0,23,256,8.688000,0.000000,12.039000
321,1664949297.275224,242,256,0,256,198,0,0,18,256,8.427000,0.000000,12.017000
322,1664949297.375224,246,256,0,256,202,0,0,11,256,8.075000,0.000000,11.669000
323,1664949297.475224,240,256,0,256,205,0,0,17,256,8.346000,0.000000,11.696000
324,1664949297.575224,248,256,0,256,208,0,0,9,256,8.436000,0.000000,11.929000
325,1664949297.675224,250,256,0,256,204,0,0,8,256,8.237000,0.000000,11.957000
326,1664949297.775224,250,256,0,256,209,0,0,8,256,8.626000,0.000000,12.180000
327,1664949297.875224,252,256,0,256,203,0,0,6,256,8.680000,0.000000,12.151000
328,1664949297.975224,252,256,0,256,208,0,0,7,256,8.539000,0.000000,11.897000
329,1664949298.075224,249,256,0,256,204,0,0,10,256,8.293000,0.000000,11.745000
330,1664949298.175224,248,256,0,256,202,0,0,12,256,8.339000,0.000000,11.823000
331,1664949298.275224,249,256,0,256,210,0,0,10,256,8.275000,0.000000,11.931000
332,1664949298.375224,248,256,0,256,211,0,0,9,256,8.256000,0.000000,14.282000
333,1664949298.475224,250,256,0,256,213,0,0,10,256,8.278000,0.000000,11.703000
334,1664949298.575224,243,256,0,256,200,0,0,14,256,8.522000,0.000000,12.017000
335,1664949298.675224,246,256,0,256,206,0,0,11,256,8.615000,0.000000,12.222000
336,1664949298.775224,246,256,0,256,202,0,0,14,256,8.330000,0.000000,11.786000
337,1664949298.875224,246,256,0,256,203,0,0,12,256,8.561000,0.000000,11.932000
338,1664949298.975224,241,256,0,256,204,0,0,15,256,9.045000,0.000000,12.709000
339,1664949299.075224,246,256,0,256,198,0,0,12,256,8.556000,0.000000,12.070000
340,1664949299.175224,248,256,0,256,206,0,0,11,256,8.569000,0.000000,12.110000
341,1664949299.275224,247,256,0,256,205,0,0,11,256,8.290000,0.000000,11.813000
342,1664949299.375238,245,256,0,256,208,0,0,15,256,8.293000,0.000000,11.892000
343,1664949299.475249,247,256,0,256,203,0,0,14,256,8.551000,0.000000,11.970000
344,1664949299.575259,246,256,0,256,196,0,0,11,256,8.540000,0.000000,12.046000
345,1664949299.675267,249,256,0,256,194,0,0,11,256,8.583000,0.000000,12.277000
346,1664949299.775273,249,256,0,256,190,0,0,10,256,8.505000,0.000000,12.170000
347,1664949299.875279,252,256,0,256,199,0,0,7,256,8.240000,0.000000,11.932000
348,1664949299.975284,244,256,0,256,211,0,0,14,256,8.332000,0.000000,12.060000
349,1664949300.075288,249,256,0,256,213,0,0,7,256,8.539000,0.000000,12.019000
350,1664949300.175291,250,256,0,256,208,0,0,7,256,8.285000,0.000000,11.849000
351,1664949300.275295,251,256,0,256,206,0,0,6,256,8.259000,0.000000,11.888000
352,1664949300.375297,247,256,0,256,204,0,0,11,256,9.249000,0.000000,12.848000
353,1664949300.475300,243,256,0,256,207,0,0,18,256,9.182000,0.000000,12.526000
354,1664949300.575303,241,256,0,256,206,0,0,16,256,8.447000,0.000000,11.886000
355,1664949300.675306,240,256,0,256,193,0,0,18,256,8.306000,0.000000,11.725000
356,1664949300.775309,240,256,0,256,190,0,0,20,256,8.947000,0.000000,12.511000
357,1664949300.875312,240,256,0,256,196,0,0,17,256,9.093000,0.000000,12.543000
358,1664949300.975314,249,256,0,256,197,0,0,7,256,8.845000,0.000000,12.638000
359,1664949301.075316,247,256,0,256,198,0,0,12,256,8.365000,0.000000,11.639000
360,1664949301.175318,244,256,0,256,189,0,0,14,256,8.346000,0.000000,11.826000
361,1664949301.275319,248,256,0,256,189,0,0,9,256,8.565000,0.000000,12.170000
362,1664949301.375319,244,256,0,256,188,0,0,13,256,8.131000,0.000000,11.851000
363,1664949301.475319,250,256,0,256,192,0,0,8,256,8.311000,0.000000,11.984000
364,1664949301.575319,251,256,0,256,189,0,0,11,256,8.557000,0.000000,12.101000
365,1664949301.675319,244,256,0,256,189,0,0,14,256,8.369000,0.000000,11.811000
366,1664949301.775319,250,256,0,256,190,0,0,8,256,8.587000,0.000000,11.835000
367,1664949301.875319,252,256,0,256,196,0,0,6,256,8.112000,0.000000,11.591000
368,1664949301.975319,248,256,0,256,194,0,0,9,256,8.704000,0.000000,12.115000
369,1664949302.075319,249,256,0,256,188,0,0,7,256,8.287000,0.000000,11.602000
370,1664949302.175319,251,256,0,256,182,0,0,6,256,8.264000,0.000000,11.783000
371,1664949302.275319,248,256,0,256,184,0,0,10,256,8.287000,0.000000,11.831000
372,1664949302.375319,252,256,0,256,185,0,0,7,256,8.336000,0.000000,11.930000
373,1664949302.475319,248,256,0,256,194,0,0,9,256,8.849000,0.000000,12.319000
374,1664949302.575319,249,256,0,256,193,0,0,11,256,9.164000,0.000000,12.919000
375,1664949302.675319,248,256,0,256,185,0,0,9,256,8.532000,0.000000,14.034000
376,1664949302.775319,246,256,0,256,181,0,0,11,256,8.327000,0.000000,14.250000
377,1664949302.875319,244,256,0,256,176,0,0,13,256,8.376000,0.000000,13.095000
378,1664949302.975319,248,256,0,256,184,0,0,9,256,8.063000,0.000000,11.770000
379,1664949303.075319,252,256,0,256,186,0,0,11,256,8.306000,0.000000,11.858000
380,1664949303.175319,246,256,0,256,187,0,0,10,256,8.212000,0.000000,12.023000
381,1664949303.275319,245,256,0,256,185,0,0,15,256,8.242000,0.000000,11.939000
382,1664949303.375319,249,256,0,256,181,0,0,8,256,8.498000,0.000000,12.075000
383,1664949303.475319,249,256,0,256,181,0,0,10,256,8.601000,0.000000,12.326000
384,1664949303.575319,248,256,0,256,169,0,0,13,256,8.844000,0.000000,12.407000
385,1664949303.675319,247,256,0,256,157,0,0,11,256,8.482000,0.000000,12.216000
386,1664949303.775319,246,256,0,256,156,0,0,15,256,8.345000,0.000000,11.944000
387,1664949303.875319,237,256,0,256,163,0,0,19,256,8.027000,0.000000,11.505000
388,1664949303.975319,240,256,0,256,171,0,0,18,256,8.554000,0.000000,12.803000
389,1664949304.075319,244,256,0,256,168,0,0,13,256,8.862000,0.000000,12.816000
390,1664949304.175319,243,256,0,256,180,0,0,16,256,8.516000,0.000000,12.042000
391,1664949304.275319,244,256,0,256,170,0,0,15,256,8.278000,0.000000,11.914000
392,1664949304.375319,250,256,0,256,181,0,0,8,256,8.025000,0.000000,11.791000
393,1664949304.475319,245,256,0,256,182,0,0,16,256,8.373000,0.000000,11.897000
394,1664949304.575319,248,256,0,256,182,0,0,11,256,8.119000,0.000000,11.683000
395,1664949304.675319,241,256,0,256,174,0,0,18,256,8.540000,0.000000,12.216000
396,1664949304.775319,238,256,0,256,174,0,0,21,256,8.331000,0.000000,12.131000
397,1664949304.875319,245,256,0,256,166,0,0,13,256,8.132000,0.000000,14.359000
398,1664949304.975319,248,256,0,256,172,0,0,13,256,8.043000,0.000000,13.928000
399,1664949305.075319,244,256,0,256,171,0,0,14,256,9.110000,0.000000,15.272000
400,1664949305.175319,251,256,0,256,175,0,0,11,256,8.671000,0.000000,14.259000
401,1664949305.275319,245,256,0,256,188,0,0,15,256,8.339000,0.000000,13.688000
402,1664949305.375319,251,256,0,256,192,0,0,9,256,8.307000,0.000000,13.431000
403,1664949305.475319,251,256,0,256,182,0,0,6,256,8.242000,0.000000,13.488000
404,1664949305.575319,246,256,0,256,184,0,0,12,256,8.391000,0.000000,14.082000
405,1664949305.675319,247,256,0,256,184,0,0,11,256,9.150000,0.000000,14.300000
406,1664949305.775319,255,256,0,256,184,0,0,6,256,8.725000,0.000000,13.993000
407,1664949305.875319,250,256,0,256,179,0,0,7,256,8.626000,0.000000,12.198000
408,1664949305.975319,239,256,0,256,173,0,0,18,256,9.276000,0.000000,12.919000
409,1664949306.075319,240,256,0,256,182,0,0,20,256,8.329000,0.000000,11.884000
410,1664949306.175319,250,256,0,256,177,0,0,7,256,8.533000,0.000000,11.880000
411,1664949306.275319,249,256,0,256,185,0,0,8,256,7.974000,0.000000,11.695000
412,1664949306.375319,234,256,0,256,169,0,0,23,256,8.293000,0.000000,11.760000
413,1664949306.475319,255,256,0,256,161,0,0,4,256,8.457000,0.000000,12.110000
414,1664949306.575319,249,256,0,256,158,0,0,9,256,8.337000,0.000000,11.892000
415,1664949306.675319,246,256,0,256,161,0,0,10,256,8.438000,0.000000,12.046000
416,1664949306.775319,251,256,0,256,160,0,0,5,256,8.381000,0.000000,12.040000
417,1664949306.875319,242,256,0,256,168,0,0,17,256,8.278000,0.000000,11.543000
418,1664949306.975319,243,256,0,256,167,0,0,14,256,8.229000,0.000000,11.744000
419,1664949307.075319,254,256,0,256,164,0,0,3,256,8.328000,0.000000,11.954000
420,1664949307.175319,252,256,0,256,172,0,0,5,256,9.531000,0.000000,13.310000
421,1664949307.275319,254,256,0,256,168,0,0,5,256,9.683000,0.000000,13.264000
422,1664949307.375319,246,256,0,256,161,0,0,10,256,8.555000,0.000000,12.967000
423,1664949307.475319,241,256,0,256,161,0,0,17,256,8.652000,0.000000,12.306000
424,1664949307.575319,249,256,0,256,156,0,0,8,256,8.562000,0.000000,12.239000
425,1664949307.675319,247,256,0,256,164,0,0,12,256,8.358000,0.000000,12.211000
426,1664949307.775319,250,256,0,256,156,0,0,6,256,8.528000,0.000000,12.224000
427,1664949307.875319,245,256,0,256,163,0,0,13,256,8.551000,0.000000,12.109000
428,1664949307.975319,245,256,0,256,164,0,0,15,256,8.373000,0.000000,11.854000
429,1664949308.075319,247,256,0,256,163,0,0,12,256,8.123000,0.000000,11.908000
430,1664949308.175319,250,256,0,256,165,0,0,8,256,8.556000,0.000000,12.189000
431,1664949308.275319,243,256,0,256,164,0,0,15,256,8.013000,0.000000,11.817000
432,1664949308.375319,251,256,0,256,166,0,0,7,256,8.663000,0.000000,12.176000
433,1664949308.475319,251,256,0,256,175,0,0,6,256,8.552000,0.000000,12.055000
434,1664949308.575319,239,256,0,256,164,0,0,21,256,7.944000,0.000000,11.645000
435,1664949308.675319,238,256,0,256,165,0,0,19,256,8.288000,0.000000,11.979000
436,1664949308.775319,251,256,0,256,170,0,0,6,256,8.319000,0.000000,11.888000
437,1664949308.875319,255,256,0,256,171,0,0,1,256,8.094000,0.000000,11.871000
438,1664949308.975319,256,256,0,256,172,0,0,0,256,8.313000,0.000000,12.037000
439,1664949309.075319,252,256,0,256,166,0,0,5,256,7.948000,0.000000,11.459000
440,1664949309.175319,250,256,0,256,168,0,0,7,256,8.446000,0.000000,11.922000
441,1664949309.275319,244,256,0,256,176,0,0,12,256,8.058000,0.000000,11.850000
442,1664949309.375319,235,256,0,256,179,0,0,23,256,8.287000,0.000000,11.938000
443,1664949309.475319,242,256,0,256,167,0,0,14,256,8.438000,0.000000,12.128000
444,1664949309.575319,239,256,0,256,164,0,0,17,256,8.352000,0.000000,12.013000
445,1664949309.675319,251,256,0,256,163,0,0,6,256,8.453000,0.000000,11.997000
446,1664949309.775319,246,256,0,256,174,0,0,10,256,8.358000,0.000000,12.044000
447,1664949309.875319,243,256,0,256,180,0,0,13,256,8.269000,0.000000,11.920000
448,1664949309.975319,247,256,0,256,172,0,0,10,256,8.477000,0.000000,12.125000
449,1664949310.075319,243,256,0,256,169,0,0,14,256,8.259000,0.000000,12.004000
450,1664949310.175319,247,256,0,256,154,0,0,10,256,8.361000,0.000000,11.905000
451,1664949310.275319,242,256,0,256,153,0,0,16,256,8.305000,0.000000,11.810000
452,1664949310.375319,241,256,0,256,145,0,0,17,256,8.118000,0.000000,12.133000
453,1664949310.475319,234,256,0,256,144,0,0,23,256,8.393000,0.000000,12.069000
454,1664949310.575319,242,256,0,256,153,0,0,16,256,8.349000,0.000000,12.348000
455,1664949310.675319,244,256,0,256,146,0,0,15,256,8.250000,0.000000,12.013000
456,1664949310.775319,247,256,0,256,152,0,0,10,256,8.652000,0.000000,12.404000
457,1664949310.875319,242,256,0,256,155,0,0,16,256,8.503000,0.000000,12.153000
458,1664949310.975319,243,256,0,256,155,0,0,16,256,8.527000,0.000000,12.269000
459,1664949311.075319,245,256,0,256,154,0,0,12,256,8.350000,0.000000,12.024000
460,1664949311.175319,242,256,0,256,143,0,0,15,256,8.337000,0.000000,11.800000
461,1664949311.275319,234,256,0,256,157,0,0,22,256,8.438000,0.000000,12.218000
462,1664949311.375319,246,256,0,256,159,0,0,10,256,8.273000,0.000000,11.967000
463,1664949311.475319,248,256,0,256,165,0,0,9,256,8.318000,0.000000,11.908000
464,1664949311.575319,252,256,0,256,173,0,0,6,256,8.084000,0.000000,11.852000
465,1664949311.675319,249,256,0,256,168,0,0,8,256,8.338000,0.000000,12.186000
466,1664949311.775319,246,256,0,256,174,0,0,11,256,8.000000,0.000000,11.687000
467,1664949311.875319,236,256,0,256,176,0,0,23,256,8.258000,0.000000,11.960000
468,1664949311.975319,246,256,0,256,182,0,0,11,256,8.213000,0.000000,11.774000
469,1664949312.075319,252,256,0,256,181,0,0,6,256,8.233000,0.000000,11.849000
470,1664949312.175319,251,256,0,256,192,0,0,5,256,8.506000,0.000000,11.918000
471,1664949312.275319,254,256,0,256,191,0,0,2,256,8.309000,0.000000,11.831000
472,1664949312.375319,251,256,0,256,192,0,0,6,256,8.218000,0.000000,11.574000
473,1664949312.475319,248,256,0,256,193,0,0,9,256,8.237000,0.000000,11.871000
474,1664949312.575319,253,256,0,256,189,0,0,3,256,8.324000,0.000000,11.852000
475,1664949312.675319,254,256,0,256,187,0,0,3,256,8.297000,0.000000,11.889000
476,1664949312.775319,254,256,0,256,180,0,0,5,256,8.026000,0.000000,11.657000
477,1664949312.875319,252,256,0,256,178,0,0,5,256,8.346000,0.000000,11.975000
478,1664949312.975319,252,256,0,256,174,0,0,5,256,8.326000,0.000000,11.811000
479,1664949313.075319,243,256,0,256,174,0,0,14,256,8.325000,0.000000,11.692000
480,1664949313.175319,240,256,0,256,169,0,0,16,256,8.310000,0.000000,11.978000
481,1664949313.275319,239,256,0,256,163,0,0,21,256,8.310000,0.000000,11.842000
482,1664949313.375319,244,256,0,256,164,0,0,12,256,8.343000,0.000000,11.934000
483,1664949313.475319,248,256,0,256,173,0,0,9,256,7.912000,0.000000,11.428000
484,1664949313.575319,248,256,0,256,172,0,0,8,256,8.351000,0.000000,12.030000
485,1664949313.675319,246,256,0,256,171,0,0,11,256,8.525000,0.000000,12.099000
486,1664949313.775319,248,256,0,256,157,0,0,10,256,8.536000,0.000000,12.056000
487,1664949313.875319,242,256,0,256,168,0,0,17,256,8.016000,0.000000,11.515000
488,1664949313.975319,243,256,0,256,162,0,0,13,256,8.351000,0.000000,12.072000
489,1664949314.075319,241,256,0,256,164,0,0,17,256,8.318000,0.000000,11.675000
490,1664949314.175319,243,256,0,256,169,0,0,15,256,8.344000,0.000000,11.955000
491,1664949314.275319,245,256,0,256,168,0,0,14,256,8.555000,0.000000,12.214000
492,1664949314.375319,246,256,0,256,158,0,0,11,256,8.026000,0.000000,12.087000
493,1664949314.475319,243,256,0,256,162,0,0,15,256,8.442000,0.000000,12.307000
494,1664949314.575319,242,256,0,256,155,0,0,16,256,8.341000,0.000000,11.961000
495,1664949314.675319,232,256,0,256,155,0,0,26,256,8.347000,0.000000,11.843000
496,1664949314.775319,244,256,0,256,157,0,0,13,256,8.080000,0.000000,11.722000
497,1664949314.875319,237,256,0,256,149,0,0,20,256,8.220000,0.000000,11.726000
498,1664949314.975319,240,256,0,256,153,0,0,17,256,9.248000,0.000000,13.067000
499,1664949315.075319,236,256,0,256,158,0,0,23,256,9.351000,0.000000,15.157000
500,1664949315.175319,235,256,0,256,153,0,0,23,256,8.885000,0.000000,12.986000
501,1664949315.275319,235,256,0,256,161,0,0,24,256,8.266000,0.000000,11.914000
502,1664949315.375319,238,256,0,256,161,0,0,20,256,8.209000,0.000000,11.950000
503,1664949315.475319,232,256,0,256,152,0,0,25,256,8.577000,0.000000,12.285000
504,1664949315.575319,233,256,0,256,150,0,0,25,256,7.897000,0.000000,11.593000
505,1664949315.675319,237,256,0,256,150,0,0,21,256,8.350000,0.000000,11.899000
506,1664949315.775319,231,256,0,256,146,0,0,26,256,8.257000,0.000000,12.345000
507,1664949315.875319,233,256,0,256,145,0,0,24,256,8.396000,0.000000,12.067000
508,1664949315.975319,233,256,0,256,150,0,0,23,256,8.222000,0.000000,11.921000
509,1664949316.075319,236,256,0,256,138,0,0,22,256,7.975000,0.000000,11.774000
510,1664949316.175319,229,256,0,256,152,0,0,28,256,8.446000,0.000000,12.172000
511,1664949316.275319,225,256,0,256,144,0,0,32,256,8.368000,0.000000,11.963000
512,1664949316.375319,222,256,0,256,149,0,0,38,256,8.231000,0.000000,11.862000
513,1664949316.475319,216,256,0,256,147,0,0,42,256,8.480000,0.000000,12.164000
514,1664949316.575319,212,256,0,256,139,0,0,44,256,8.266000,0.000000,11.955000
515,1664949316.675319,224,256,0,256,145,0,0,34,256,8.028000,0.000000,11.689000
516,1664949316.775319,225,256,0,256,149,0,0,32,256,8.537000,0.000000,11.919000
517,1664949316.875319,219,256,0,256,145,0,0,38,256,9.485000,0.000000,13.340000
518,1664949316.975319,222,256,0,256,147,0,0,36,256,9.433000,0.000000,13.340000
519,1664949317.075319,212,256,0,256,146,0,0,47,256,9.179000,0.000000,12.855000
520,1664949317.175319,233,256,0,256,146,0,0,27,256,8.447000,0.000000,12.575000
521,1664949317.275319,231,256,0,256,151,0,0,29,256,7.988000,0.000000,11.685000
522,1664949317.375311,231,256,0,256,140,0,0,28,256,8.395000,0.000000,11.938000
523,1664949317.475297,229,256,0,256,130,0,0,29,256,8.341000,0.000000,12.000000
524,1664949317.575286,228,256,0,256,121,0,0,32,256,9.446000,0.000000,13.362000
525,1664949317.675277,226,256,0,256,116,0,0,33,256,9.265000,0.000000,13.252000
526,1664949317.775269,221,256,0,256,119,0,0,37,256,8.890000,0.000000,12.939000
527,1664949317.875261,225,256,0,256,107,0,0,35,256,8.374000,0.000000,12.144000
528,1664949317.975255,218,256,0,256,117,0,0,41,256,8.350000,0.000000,12.096000
529,1664949318.075250,217,256,0,256,118,0,0,43,256,8.373000,0.000000,12.138000
530,1664949318.175246,215,256,0,256,123,0,0,44,256,8.533000,0.000000,12.122000
531,1664949318.275241,221,256,0,256,113,0,0,39,256,9.338000,0.000000,13.505000
532,1664949318.375237,212,256,0,256,122,0,0,44,256,9.815000,0.000000,14.131000
533,1664949318.475233,215,256,0,256,124,0,0,44,256,8.527000,0.000000,12.426000
534,1664949318.575230,215,256,0,256,128,0,0,44,256,8.367000,0.000000,12.138000
535,1664949318.675226,217,256,0,256,133,0,0,42,256,8.064000,0.000000,11.747000
536,1664949318.775223,219,256,0,256,131,0,0,38,256,8.539000,0.000000,12.210000
537,1664949318.875220,221,256,0,256,131,0,0,36,256,8.702000,0.000000,12.612000
538,1664949318.975217,215,256,0,256,133,0,0,43,256,8.262000,0.000000,11.987000
539,1664949319.075215,217,256,0,256,133,0,0,40,256,8.585000,0.000000,12.290000
540,1664949319.175212,229,256,0,256,139,0,0,29,256,8.165000,0.000000,11.989000
541,1664949319.275210,223,256,0,256,153,0,0,34,256,8.505000,0.000000,12.116000
542,1664949319.375209,230,256,0,256,156,0,0,28,256,8.343000,0.000000,12.018000
543,1664949319.475209,232,256,0,256,151,0,0,25,256,8.270000,0.000000,11.832000
544,1664949319.575209,240,256,0,256,157,0,0,17,256,8.281000,0.000000,12.041000
545,1664949319.675209,245,256,0,256,157,0,0,15,256,8.503000,0.000000,12.145000
546,1664949319.775209,252,256,0,256,164,0,0,5,256,8.513000,0.000000,12.400000
547,1664949319.875209,252,256,0,256,161,0,0,4,256,8.689000,0.000000,12.297000
548,1664949319.975209,251,256,0,256,161,0,0,8,256,8.451000,0.000000,12.452000
549,1664949320.075209,248,256,0,256,162,0,0,8,256,8.368000,0.000000,11.916000
550,1664949320.175209,249,256,0,256,164,0,0,8,256,8.658000,0.000000,12.408000
551,1664949320.275209,249,256,0,256,159,0,0,8,256,8.475000,0.000000,12.101000
552,1664949320.375209,240,256,0,256,159,0,0,19,256,8.262000,0.000000,12.043000
553,1664949320.475209,247,256,0,256,149,0,0,11,256,8.554000,0.000000,12.823000
554,1664949320.575209,243,256,0,256,146,0,0,14,256,8.361000,0.000000,12.168000
555,1664949320.675209,238,256,0,256,137,0,0,18,256,8.214000,0.000000,12.050000
556,1664949320.775213,243,256,0,256,119,0,0,15,256,8.312000,0.000000,12.217000
557,1664949320.875228,252,256,0,256,132,0,0,6,256,8.447000,0.000000,12.114000
558,1664949320.975248,247,256,0,256,127,0,0,11,256,8.248000,0.000000,12.005000
559,1664949321.075269,239,256,0,256,129,0,0,19,256,7.940000,0.000000,12.111000
560,1664949321.175292,252,256,0,256,124,0,0,8,256,8.439000,0.000000,12.364000
561,1664949321.275318,243,256,0,256,117,0,0,15,256,8.523000,0.000000,12.275000
562,1664949321.375349,233,256,0,256,121,0,0,25,256,8.431000,0.000000,12.284000
563,1664949321.475387,248,256,0,256,119,0,0,11,256,7.916000,0.000000,11.899000
564,1664949321.575427,251,256,0,256,117,0,0,6,256,8.315000,0.000000,12.264000
565,1664949321.675463,229,256,0,256,115,0,0,27,256,8.021000,0.000000,12.011000
566,1664949321.775498,235,256,0,256,112,0,0,21,256,8.014000,0.000000,12.082000
567,1664949321.875528,240,256,0,256,104,0,0,18,256,7.667000,0.000000,13.640000
568,1664949321.975558,239,256,0,256,93,0,0,20,256,8.620000,0.000000,13.310000
569,1664949322.075585,244,256,0,256,94,0,0,12,256,8.527000,0.000000,12.492000
570,1664949322.175611,251,256,0,256,93,0,0,6,256,8.254000,0.000000,12.530000
571,1664949322.275636,251,256,0,256,99,0,0,8,256,8.250000,0.000000,12.287000
572,1664949322.375661,247,256,0,256,104,0,0,11,256,8.011000,0.000000,11.873000
573,1664949322.475688,249,256,0,256,104,0,0,10,256,8.285000,0.000000,12.222000
574,1664949322.575711,248,256,0,256,106,0,0,9,256,8.067000,0.000000,12.053000
575,1664949322.675729,251,256,0,256,109,0,0,7,256,8.028000,0.000000,12.066000
576,1664949322.775743,244,256,0,256,109,0,0,12,256,8.251000,0.000000,12.418000
577,1664949322.875743,243,256,0,256,105,0,0,14,256,7.743000,0.000000,11.860000
578,1664949322.975743,223,256,0,256,106,0,0,33,256,7.885000,0.000000,11.990000
579,1664949323.075743,249,256,0,256,108,0,0,8,256,8.265000,0.000000,12.643000
580,1664949323.175743,250,256,0,256,103,0,0,7,256,8.171000,0.000000,12.164000
581,1664949323.275743,239,256,0,256,104,0,0,18,256,8.184000,0.000000,12.039000
582,1664949323.375743,233,256,0,256,106,0,0,25,256,8.684000,0.000000,12.977000
583,1664949323.475743,230,256,0,256,109,0,0,27,256,8.201000,0.000000,12.528000
584,1664949323.575743,212,256,0,256,125,0,0,44,256,8.127000,0.000000,12.668000
585,1664949323.675743,242,256,0,256,106,0,0,17,256,8.185000,0.000000,11.883000
586,1664949323.775743,237,256,0,256,115,0,0,24,256,7.889000,0.000000,11.947000
587,1664949323.875743,242,256,0,256,117,0,0,15,256,8.491000,0.000000,12.295000
588,1664949323.975743,236,256,0,256,120,0,0,21,256,8.386000,0.000000,12.218000
589,1664949324.075743,238,256,0,256,130,0,0,18,256,8.433000,0.000000,12.266000
590,1664949324.175743,236,256,0,256,124,0,0,23,256,8.173000,0.000000,12.098000
591,1664949324.275743,234,256,0,256,118,0,0,25,256,8.524000,0.000000,12.580000
592,1664949324.375743,235,256,0,256,124,0,0,22,256,8.126000,0.000000,11.931000
593,1664949324.475743,229,256,0,256,113,0,0,29,256,8.454000,0.000000,12.433000
594,1664949324.575743,224,256,0,256,118,0,0,34,256,8.267000,0.000000,13.233000
595,1664949324.675743,226,256,0,256,113,0,0,31,256,8.297000,0.000000,11.970000
596,1664949324.775743,233,256,0,256,128,0,0,24,256,8.238000,0.000000,12.003000
597,1664949324.875743,220,256,0,256,119,0,0,39,256,8.319000,0.000000,12.240000
598,1664949324.975743,215,256,0,256,121,0,0,43,256,8.187000,0.000000,12.324000
599,1664949325.075743,230,256,0,256,123,0,0,31,256,8.281000,0.000000,12.309000
600,1664949325.175743,234,256,0,256,128,0,0,25,256,8.240000,0.000000,12.297000
601,1664949325.275743,231,256,0,256,142,0,0,25,256,7.894000,0.000000,11.849000
602,1664949325.375743,231,256,0,256,146,0,0,28,256,8.283000,0.000000,12.261000
603,1664949325.475743,236,256,0,256,143,0,0,21,256,8.203000,0.000000,12.007000
604,1664949325.575743,238,256,0,256,142,0,0,23,256,8.621000,0.000000,12.489000
605,1664949325.675743,242,256,0,256,134,0,0,15,256,8.021000,0.000000,11.741000
606,1664949325.775743,239,256,0,256,129,0,0,20,256,8.042000,0.000000,12.054000
607,1664949325.875743,235,256,0,256,127,0,0,23,256,8.255000,0.000000,12.404000
608,1664949325.975743,243,256,0,256,127,0,0,15,256,8.189000,0.000000,12.127000
609,1664949326.075743,253,256,0,256,125,0,0,4,256,8.145000,0.000000,11.941000
610,1664949326.175743,246,256,0,256,123,0,0,13,256,8.389000,0.000000,12.409000
611,1664949326.275743,244,256,0,256,121,0,0,13,256,7.775000,0.000000,11.918000
612,1664949326.375743,242,256,0,256,106,0,0,16,256,8.546000,0.000000,12.284000
613,1664949326.475743,236,256,0,256,100,0,0,22,256,8.372000,0.000000,12.623000
614,1664949326.575743,227,256,0,256,95,0,0,30,256,8.301000,0.000000,12.895000
615,1664949326.675743,243,256,0,256,86,0,0,14,256,8.273000,0.000000,12.484000
616,1664949326.775743,236,256,0,256,83,0,0,24,256,8.313000,0.000000,12.711000
617,1664949326.875743,224,256,0,256,76,0,0,34,256,8.020000,0.000000,12.009000
618,1664949326.975743,224,256,0,256,69,0,0,34,256,8.003000,0.000000,12.416000
619,1664949327.075743,219,256,0,256,51,0,0,39,256,8.228000,0.000000,12.508000
620,1664949327.175768,216,256,0,256,52,0,0,41,256,8.558000,0.000000,12.968000
621,1664949327.275816,228,256,0,256,48,0,0,32,256,7.709000,0.000000,12.074000
622,1664949327.375858,231,256,0,256,42,0,0,25,256,7.727000,0.000000,12.230000
623,1664949327.475895,239,256,0,256,38,0,0,20,256,8.184000,0.000000,12.738000
624,1664949327.575929,240,256,0,256,28,0,0,18,256,8.013000,0.000000,12.876000
625,1664949327.675957,248,256,0,256,30,0,0,9,256,7.696000,0.000000,12.188000
626,1664949327.775982,224,256,0,256,24,0,0,33,256,8.337000,0.000000,13.065000
627,1664949327.875991,162,256,0,256,34,0,0,97,256,7.689000,0.000000,12.635000
628,1664949327.975985,225,256,0,256,31,0,0,35,256,8.286000,0.000000,12.971000
629,1664949328.075979,214,256,0,256,27,0,0,42,256,8.249000,0.000000,12.871000
630,1664949328.175977,210,256,0,256,29,0,0,47,256,8.311000,0.000000,12.971000
631,1664949328.275977,228,256,0,256,31,0,0,29,256,8.155000,0.000000,13.086000
632,1664949328.375978,227,256,0,256,30,0,0,29,256,8.038000,0.000000,13.188000
633,1664949328.475980,222,256,0,256,28,0,0,35,256,8.327000,0.000000,12.957000
634,1664949328.575984,229,256,0,256,24,0,0,27,256,7.904000,0.000000,12.524000
635,1664949328.675989,212,256,0,256,24,0,0,45,256,8.017000,0.000000,12.739000
636,1664949328.775995,213,256,0,256,25,0,0,43,256,8.253000,0.000000,12.811000
637,1664949328.876003,206,256,0,256,27,0,0,51,256,8.019000,0.000000,12.811000
638,1664949328.976012,195,256,0,256,38,0,0,63,256,7.896000,0.000000,12.381000
639,1664949329.076027,205,256,0,256,45,0,0,51,256,8.310000,0.000000,12.822000
640,1664949329.176035,220,256,0,256,49,0,0,38,256,8.393000,0.000000,12.939000
641,1664949329.276035,204,256,0,256,64,0,0,52,256,8.001000,0.000000,12.123000
642,1664949329.376035,218,256,0,256,68,0,0,43,256,8.262000,0.000000,12.515000
643,1664949329.476035,213,256,0,256,75,0,0,45,256,8.323000,0.000000,12.436000
644,1664949329.576035,229,256,0,256,79,0,0,27,256,8.283000,0.000000,12.352000
645,1664949329.676035,224,256,0,256,77,0,0,36,256,8.251000,0.000000,12.464000
646,1664949329.776035,232,256,0,256,80,0,0,25,256,7.698000,0.000000,11.933000
647,1664949329.876035,215,256,0,256,77,0,0,43,256,8.248000,0.000000,12.497000
648,1664949329.976035,213,256,0,256,69,0,0,44,256,8.240000,0.000000,13.611000
649,1664949330.076035,224,256,0,256,78,0,0,33,256,8.313000,0.000000,12.397000
650,1664949330.176035,234,256,0,256,95,0,0,25,256,7.893000,0.000000,11.970000
651,1664949330.276035,237,256,0,256,82,0,0,21,256,7.880000,0.000000,12.037000
652,1664949330.376035,232,256,0,256,73,0,0,24,256,7.679000,0.000000,11.807000
653,1664949330.476035,235,256,0,256,74,0,0,23,256,7.694000,0.000000,11.829000
654,1664949330.576035,229,256,0,256,68,0,0,28,256,8.179000,0.000000,12.551000
655,1664949330.676035,216,256,0,256,75,0,0,41,256,7.671000,0.000000,12.322000
656,1664949330.776035,221,256,0,256,76,0,0,35,256,8.164000,0.000000,12.390000
657,1664949330.876035,226,256,0,256,66,0,0,30,256,8.248000,0.000000,12.693000
658,1664949330.976035,222,256,0,256,66,0,0,36,256,8.140000,0.000000,12.497000
659,1664949331.076035,214,256,0,256,69,0,0,43,256,8.315000,0.000000,12.403000
660,1664949331.176035,211,256,0,256,76,0,0,47,256,8.219000,0.000000,12.953000
661,1664949331.276035,223,256,0,256,84,0,0,35,256,8.326000,0.000000,12.309000
662,1664949331.376035,210,256,0,256,76,0,0,47,256,7.901000,0.000000,11.840000
663,1664949331.476035,214,256,0,256,81,0,0,44,256,8.166000,0.000000,12.318000
664,1664949331.576035,216,256,0,256,66,0,0,41,256,8.246000,0.000000,12.487000
665,1664949331.676035,217,256,0,256,62,0,0,40,256,8.011000,0.000000,12.299000
666,1664949331.776035,206,256,0,256,62,0,0,51,256,8.183000,0.000000,12.331000
667,1664949331.876035,213,256,0,256,63,0,0,44,256,8.044000,0.000000,12.364000
668,1664949331.976035,199,256,0,256,63,0,0,57,256,8.319000,0.000000,12.653000
669,1664949332.076035,220,256,0,256,57,0,0,40,256,8.316000,0.000000,12.485000
670,1664949332.176035,209,256,0,256,65,0,0,48,256,8.515000,0.000000,12.583000
671,1664949332.276035,206,256,0,256,59,0,0,52,256,8.291000,0.000000,13.060000
672,1664949332.376035,216,256,0,256,46,0,0,41,256,8.197000,0.000000,13.694000
673,1664949332.476035,217,256,0,256,49,0,0,39,256,8.275000,0.000000,12.499000
674,1664949332.576035,213,256,0,256,55,0,0,43,256,7.695000,0.000000,11.822000
675,1664949332.676035,208,256,0,256,61,0,0,49,256,8.176000,0.000000,12.537000
676,1664949332.776035,214,256,0,256,54,0,0,48,256,8.411000,0.000000,13.833000
677,1664949332.876035,223,256,0,256,58,0,0,35,256,8.138000,0.000000,12.268000
678,1664949332.976035,224,256,0,256,66,0,0,34,256,8.127000,0.000000,12.105000
679,1664949333.076025,234,256,0,256,72,0,0,24,256,8.281000,0.000000,12.333000
680,1664949333.175975,236,256,0,256,69,0,0,21,256,8.330000,0.000000,12.712000
681,1664949333.275934,239,256,0,256,70,0,0,20,256,7.683000,0.000000,11.799000
682,1664949333.375899,234,256,0,256,70,0,0,24,256,8.287000,0.000000,12.519000
683,1664949333.475869,235,256,0,256,70,0,0,23,256,7.682000,0.000000,11.864000
684,1664949333.575844,223,256,0,256,63,0,0,35,256,8.709000,0.000000,14.602000
685,1664949333.675819,235,256,0,256,61,0,0,23,256,7.981000,0.000000,12.204000
686,1664949333.775794,231,256,0,256,54,0,0,27,256,8.355000,0.000000,12.711000
687,1664949333.875770,216,256,0,256,50,0,0,42,256,8.252000,0.000000,12.765000
688,1664949333.975748,216,256,0,256,59,0,0,45,256,8.001000,0.000000,12.513000
689,1664949334.075729,230,256,0,256,47,0,0,28,256,8.244000,0.000000,12.521000
690,1664949334.175713,208,256,0,256,46,0,0,51,256,8.333000,0.000000,13.071000
691,1664949334.275698,220,256,0,256,45,0,0,43,256,7.697000,0.000000,12.490000
692,1664949334.375687,220,256,0,256,39,0,0,39,256,8.009000,0.000000,12.141000
693,1664949334.475676,204,256,0,256,44,0,0,55,256,7.878000,0.000000,12.505000
694,1664949334.575667,205,256,0,256,41,0,0,53,256,8.319000,0.000000,12.748000
695,1664949334.675658,197,256,0,256,44,0,0,61,256,7.913000,0.000000,12.546000
696,1664949334.775651,181,256,0,256,40,0,0,79,256,8.242000,0.000000,12.818000
697,1664949334.875643,199,256,0,256,44,0,0,58,256,7.715000,0.000000,12.361000
698,1664949334.975637,196,256,0,256,48,0,0,62,256,8.245000,0.000000,12.540000
699,1664949335.075631,192,256,0,256,42,0,0,65,256,8.219000,0.000000,12.356000
700,1664949335.175631,198,256,0,256,46,0,0,60,256,8.311000,0.000000,12.616000
701,1664949335.275631,179,256,0,256,52,0,0,78,256,8.248000,0.000000,12.785000
702,1664949335.375631,190,256,0,256,42,0,0,68,256,8.428000,0.000000,12.582000
703,1664949335.475631,192,256,0,256,51,0,0,69,256,8.286000,0.000000,12.479000
704,1664949335.575631,193,256,0,256,55,0,0,66,256,8.311000,0.000000,12.704000
705,1664949335.675631,206,256,0,256,54,0,0,53,256,8.157000,0.000000,12.435000
706,1664949335.775631,207,256,0,256,55,0,0,52,256,8.130000,0.000000,12.651000
707,1664949335.875631,212,256,0,256,62,0,0,47,256,7.678000,0.000000,12.352000
708,1664949335.975631,198,256,0,256,66,0,0,58,256,8.006000,0.000000,12.101000
709,1664949336.075631,202,256,0,256,72,0,0,55,256,8.238000,0.000000,12.349000
710,1664949336.175631,213,256,0,256,78,0,0,44,256,7.687000,0.000000,11.516000
711,1664949336.275631,216,256,0,256,83,0,0,44,256,8.367000,0.000000,12.403000
712,1664949336.375631,211,256,0,256,86,0,0,46,256,7.996000,0.000000,11.995000
713,1664949336.475631,229,256,0,256,82,0,0,32,256,8.287000,0.000000,12.574000
714,1664949336.575631,214,256,0,256,89,0,0,43,256,7.693000,0.000000,11.399000
715,1664949336.675631,223,256,0,256,91,0,0,35,256,7.684000,0.000000,11.691000
716,1664949336.775631,219,256,0,256,89,0,0,40,256,7.680000,0.000000,11.663000
717,1664949336.875631,220,256,0,256,95,0,0,38,256,8.251000,0.000000,12.207000
718,1664949336.975631,228,256,0,256,89,0,0,30,256,8.461000,0.000000,12.444000
719,1664949337.075631,228,256,0,256,92,0,0,28,256,8.283000,0.000000,12.667000
720,1664949337.175631,224,256,0,256,87,0,0,34,256,7.722000,0.000000,11.817000
721,1664949337.275631,228,256,0,256,105,0,0,29,256,8.361000,0.000000,12.308000
722,1664949337.375631,227,256,0,256,105,0,0,29,256,8.312000,0.000000,12.108000
723,1664949337.475631,229,256,0,256,114,0,0,27,256,7.696000,0.000000,11.724000
724,1664949337.575631,230,256,0,256,118,0,0,26,256,7.696000,0.000000,11.442000
725,1664949337.675631,238,256,0,256,114,0,0,19,256,7.967000,0.000000,12.018000
726,1664949337.775631,241,256,0,256,116,0,0,17,256,7.704000,0.000000,11.660000
727,1664949337.875631,241,256,0,256,122,0,0,18,256,8.181000,0.000000,12.215000
728,1664949337.975631,249,256,0,256,118,0,0,7,256,8.259000,0.000000,11.942000
729,1664949338.075631,252,256,0,256,111,0,0,5,256,8.311000,0.000000,12.036000
730,1664949338.175631,247,256,0,256,110,0,0,9,256,7.703000,0.000000,11.472000
731,1664949338.275631,250,256,0,256,115,0,0,6,256,8.310000,0.000000,12.130000
732,1664949338.375631,248,256,0,256,106,0,0,9,256,8.174000,0.000000,11.803000
733,1664949338.475631,249,256,0,256,103,0,0,9,256,7.879000,0.000000,11.940000
734,1664949338.575631,249,256,0,256,105,0,0,7,256,7.992000,0.000000,11.931000
735,1664949338.675631,252,256,0,256,106,0,0,4,256,8.168000,0.000000,12.087000
736,1664949338.775631,254,256,0,256,96,0,0,2,256,8.540000,0.000000,11.959000
737,1664949338.875631,249,256,0,256,101,0,0,7,256,8.007000,0.000000,11.609000
738,1664949338.975631,238,256,0,256,97,0,0,19,256,8.139000,0.000000,11.865000
739,1664949339.075631,244,256,0,256,104,0,0,12,256,8.245000,0.000000,11.838000
740,1664949339.175631,247,256,0,256,105,0,0,9,256,7.665000,0.000000,11.150000
741,1664949339.275631,253,256,0,256,101,0,0,6,256,8.198000,0.000000,12.019000
742,1664949339.375631,255,256,0,256,103,0,0,1,256,7.645000,0.000000,11.235000
743,1664949339.475631,253,256,0,256,85,0,0,3,256,8.005000,0.000000,11.997000
744,1664949339.575631,249,256,0,256,88,0,0,7,256,8.273000,0.000000,12.544000
745,1664949339.675631,247,256,0,256,90,0,0,12,256,8.122000,0.000000,11.891000
746,1664949339.775631,248,256,0,256,92,0,0,9,256,8.391000,0.000000,12.799000
747,1664949339.875631,246,256,0,256,93,0,0,11,256,8.308000,0.000000,12.441000
748,1664949339.975631,250,256,0,256,87,0,0,6,256,8.448000,0.000000,12.243000
749,1664949340.075631,251,256,0,256,87,0,0,5,256,8.305000,0.000000,12.160000
750,1664949340.175631,253,256,0,256,90,0,0,3,256,7.727000,0.000000,11.594000
751,1664949340.275631,245,256,0,256,92,0,0,12,256,8.204000,0.000000,11.805000
752,1664949340.375631,250,256,0,256,85,0,0,6,256,8.212000,0.000000,12.721000
753,1664949340.475631,247,256,0,256,81,0,0,10,256,7.662000,0.000000,11.997000
754,1664949340.575631,248,256,0,256,79,0,0,10,256,8.047000,0.000000,12.173000
755,1664949340.675631,240,256,0,256,78,0,0,17,256,7.751000,0.000000,11.547000
756,1664949340.775631,253,256,0,256,89,0,0,5,256,8.307000,0.000000,11.871000
757,1664949340.875631,251,256,0,256,91,0,0,7,256,7.662000,0.000000,11.479000
758,1664949340.975631,246,256,0,256,82,0,0,11,256,7.871000,0.000000,12.076000
759,1664949341.075631,244,256,0,256,77,0,0,13,256,8.091000,0.000000,11.835000
760,1664949341.175631,242,256,0,256,77,0,0,14,256,7.952000,0.000000,11.785000
761,1664949341.275631,239,256,0,256,83,0,0,23,256,7.855000,0.000000,11.716000
762,1664949341.375631,223,256,0,256,73,0,0,35,256,7.664000,0.000000,11.595000
763,1664949341.475631,247,256,0,256,76,0,0,13,256,7.762000,0.000000,11.992000
764,1664949341.575631,251,256,0,256,88,0,0,7,256,8.009000,0.000000,12.082000
765,1664949341.675631,251,256,0,256,83,0,0,6,256,8.202000,0.000000,12.223000
766,1664949341.775631,252,256,0,256,88,0,0,5,256,8.180000,0.000000,12.315000
767,1664949341.875631,254,256,0,256,91,0,0,2,256,8.077000,0.000000,12.051000
768,1664949341.975631,255,256,0,256,83,0,0,2,256,7.847000,0.000000,11.998000
769,1664949342.075631,242,256,0,256,90,0,0,14,256,7.970000,0.000000,11.906000
770,1664949342.175631,244,256,0,256,85,0,0,13,256,7.975000,0.000000,12.287000
771,1664949342.275631,248,256,0,256,80,0,0,8,256,7.653000,0.000000,11.840000
772,1664949342.375631,243,256,0,256,69,0,0,15,256,7.747000,0.000000,12.005000
773,1664949342.475631,248,256,0,256,83,0,0,11,256,10.471000,0.000000,14.898000
774,1664949342.575631,250,256,0,256,81,0,0,6,256,8.993000,0.000000,13.124000
775,1664949342.675631,245,256,0,256,86,0,0,11,256,8.480000,0.000000,12.492000
776,1664949342.775631,238,256,0,256,83,0,0,20,256,8.215000,0.000000,12.222000
777,1664949342.875631,253,256,0,256,90,0,0,5,256,8.022000,0.000000,11.866000
778,1664949342.975631,248,256,0,256,75,0,0,12,256,8.145000,0.000000,12.183000
779,1664949343.075631,250,256,0,256,75,0,0,7,256,8.225000,0.000000,12.801000
780,1664949343.175631,252,256,0,256,79,0,0,4,256,8.222000,0.000000,13.160000
781,1664949343.275631,250,256,0,256,75,0,0,7,256,8.295000,0.000000,12.155000
782,1664949343.375631,248,256,0,256,70,0,0,9,256,7.652000,0.000000,11.835000
783,1664949343.475631,251,256,0,256,72,0,0,8,256,8.400000,0.000000,12.861000
784,1664949343.575631,237,256,0,256,77,0,0,19,256,8.001000,0.000000,12.520000
785,1664949343.675631,237,256,0,256,82,0,0,20,256,8.046000,0.000000,12.825000
786,1664949343.775631,241,256,0,256,71,0,0,17,256,8.275000,0.000000,12.257000
787,1664949343.875631,229,256,0,256,72,0,0,28,256,7.864000,0.000000,12.051000
788,1664949343.975631,241,256,0,256,82,0,0,15,256,8.495000,0.000000,12.398000
789,1664949344.075631,243,256,0,256,83,0,0,15,256,8.465000,0.000000,12.486000
790,1664949344.175631,238,256,0,256,81,0,0,18,256,7.681000,0.000000,12.204000
791,1664949344.275631,233,256,0,256,80,0,0,23,256,8.307000,0.000000,12.622000
792,1664949344.375631,232,256,0,256,79,0,0,26,256,8.295000,0.000000,12.757000
793,1664949344.475631,239,256,0,256,74,0,0,18,256,7.683000,0.000000,11.920000
794,1664949344.575631,245,256,0,256,72,0,0,12,256,8.439000,0.000000,12.741000
795,1664949344.675631,239,256,0,256,62,0,0,21,256,7.872000,0.000000,12.163000
796,1664949344.775631,245,256,0,256,66,0,0,12,256,8.237000,0.000000,12.302000
797,1664949344.875631,238,256,0,256,71,0,0,18,256,8.385000,0.000000,12.474000
798,1664949344.975631,216,256,0,256,62,0,0,42,256,7.956000,0.000000,12.443000
799,1664949345.075631,246,256,0,256,63,0,0,10,256,7.647000,0.000000,11.939000
800,1664949345.175631,238,256,0,256,62,0,0,19,256,7.664000,0.000000,12.245000
801,1664949345.275631,211,256,0,256,63,0,0,47,256,7.860000,0.000000,12.108000
802,1664949345.375631,238,256,0,256,72,0,0,20,256,7.956000,0.000000,12.502000
803,1664949345.475631,230,256,0,256,82,0,0,27,256,8.143000,0.000000,12.167000
804,1664949345.575631,225,256,0,256,68,0,0,31,256,7.663000,0.000000,11.935000
805,1664949345.675653,217,256,0,256,69,0,0,42,256,8.236000,0.000000,12.167000
806,1664949345.775697,228,256,0,256,66,0,0,29,256,7.671000,0.000000,11.536000
807,1664949345.875741,230,256,0,256,79,0,0,29,256,8.266000,0.000000,12.298000
808,1664949345.975783,236,256,0,256,87,0,0,20,256,8.207000,0.000000,12.201000
809,1664949346.075815,238,256,0,256,82,0,0,18,256,8.568000,0.000000,12.331000
810,1664949346.175836,246,256,0,256,77,0,0,13,256,8.292000,0.000000,12.108000
811,1664949346.275848,253,256,0,256,76,0,0,5,256,7.985000,0.000000,11.651000
812,1664949346.375854,246,256,0,256,69,0,0,10,256,8.213000,0.000000,12.121000
813,1664949346.475853,241,256,0,256,72,0,0,20,256,8.456000,0.000000,14.960000
814,1664949346.575850,245,256,0,256,82,0,0,12,256,8.162000,0.000000,12.276000
815,1664949346.675841,233,256,0,256,70,0,0,25,256,7.658000,0.000000,11.886000
816,1664949346.775826,240,256,0,256,73,0,0,20,256,8.280000,0.000000,13.336000
817,1664949346.875809,239,256,0,256,74,0,0,17,256,9.470000,0.000000,14.462000
818,1664949346.975795,239,256,0,256,83,0,0,17,256,9.540000,0.000000,14.139000
819,1664949347.075785,249,256,0,256,85,0,0,7,256,7.741000,0.000000,12.335000
820,1664949347.175779,226,256,0,256,89,0,0,30,256,8.245000,0.000000,12.867000
821,1664949347.275779,234,256,0,256,91,0,0,23,256,7.637000,0.000000,11.526000
822,1664949347.375781,231,256,0,256,79,0,0,27,256,7.968000,0.000000,12.141000
823,1664949347.475782,235,256,0,256,85,0,0,22,256,7.745000,0.000000,11.554000
824,1664949347.575786,240,256,0,256,97,0,0,18,256,7.963000,0.000000,11.858000
825,1664949347.675788,238,256,0,256,90,0,0,21,256,7.680000,0.000000,11.792000
826,1664949347.775788,245,256,0,256,92,0,0,14,256,8.223000,0.000000,12.167000
827,1664949347.875788,244,256,0,256,95,0,0,15,256,8.249000,0.000000,12.083000
828,1664949347.975788,239,256,0,256,96,0,0,18,256,8.241000,0.000000,12.092000
829,1664949348.075788,239,256,0,256,102,0,0,20,256,7.637000,0.000000,11.809000
830,1664949348.175788,246,256,0,256,97,0,0,12,256,7.631000,0.000000,11.843000
831,1664949348.275788,252,256,0,256,92,0,0,6,256,8.210000,0.000000,12.100000
832,1664949348.375788,243,256,0,256,105,0,0,14,256,9.226000,0.000000,13.867000
833,1664949348.475788,247,256,0,256,87,0,0,10,256,9.049000,0.000000,14.490000
834,1664949348.575788,240,256,0,256,87,0,0,17,256,7.865000,0.000000,12.379000
835,1664949348.675788,242,256,0,256,83,0,0,15,256,8.310000,0.000000,12.133000
836,1664949348.775788,240,256,0,256,84,0,0,17,256,8.192000,0.000000,13.117000
837,1664949348.875788,245,256,0,256,89,0,0,13,256,8.255000,0.000000,11.778000
838,1664949348.975788,239,256,0,256,88,0,0,19,256,8.334000,0.000000,12.587000
839,1664949349.075788,238,256,0,256,89,0,0,19,256,8.037000,0.000000,12.196000
840,1664949349.175788,236,256,0,256,91,0,0,20,256,8.307000,0.000000,12.160000
841,1664949349.275788,247,256,0,256,83,0,0,11,256,8.316000,0.000000,12.106000
842,1664949349.375788,229,256,0,256,86,0,0,27,256,7.914000,0.000000,11.814000
843,1664949349.475788,245,256,0,256,85,0,0,12,256,7.678000,0.000000,11.629000
844,1664949349.575788,234,256,0,256,82,0,0,23,256,8.302000,0.000000,12.443000
845,1664949349.675788,241,256,0,256,85,0,0,15,256,8.277000,0.000000,12.291000
846,1664949349.775788,237,256,0,256,89,0,0,20,256,7.925000,0.000000,11.890000
847,1664949349.875788,251,256,0,256,85,0,0,7,256,8.245000,0.000000,12.582000
848,1664949349.975788,238,256,0,256,91,0,0,19,256,8.220000,0.000000,12.324000
849,1664949350.075788,247,256,0,256,93,0,0,10,256,8.082000,0.000000,12.142000
850,1664949350.175788,233,256,0,256,98,0,0,23,256,8.260000,0.000000,12.144000
851,1664949350.275788,239,256,0,256,86,0,0,18,256,8.155000,0.000000,12.079000
852,1664949350.375788,228,256,0,256,103,0,0,31,256,8.345000,0.000000,12.310000
853,1664949350.475788,231,256,0,256,100,0,0,27,256,8.001000,0.000000,12.296000
854,1664949350.575788,221,256,0,256,98,0,0,40,256,7.926000,0.000000,11.998000
855,1664949350.675788,212,256,0,256,106,0,0,48,256,8.176000,0.000000,12.286000
856,1664949350.775788,220,256,0,256,113,0,0,38,256,8.130000,0.000000,12.223000
857,1664949350.875768,233,256,0,256,104,0,0,26,256,7.945000,0.000000,11.999000
858,1664949350.975730,231,256,0,256,111,0,0,27,256,7.912000,0.000000,11.778000
859,1664949351.075696,236,256,0,256,110,0,0,21,256,8.280000,0.000000,12.305000
860,1664949351.175665,240,256,0,256,104,0,0,17,256,8.623000,0.000000,12.520000
861,1664949351.275637,244,256,0,256,103,0,0,13,256,8.176000,0.000000,11.928000
862,1664949351.375616,234,256,0,256,107,0,0,24,256,8.224000,0.000000,12.164000
863,1664949351.475602,250,256,0,256,106,0,0,8,256,8.074000,0.000000,14.170000
864,1664949351.575590,239,256,0,256,95,0,0,20,256,8.017000,0.000000,12.083000
865,1664949351.675581,239,256,0,256,100,0,0,18,256,8.503000,0.000000,15.546000
866,1664949351.775575,247,256,0,256,98,0,0,10,256,8.894000,0.000000,12.587000
867,1664949351.875570,239,256,0,256,92,0,0,19,256,7.881000,0.000000,11.750000
868,1664949351.975567,248,256,0,256,107,0,0,13,256,8.162000,0.000000,11.945000
869,1664949352.075566,239,256,0,256,105,0,0,20,256,9.724000,0.000000,13.766000
870,1664949352.175565,245,256,0,256,110,0,0,16,256,8.318000,0.000000,12.090000
871,1664949352.275564,246,256,0,256,102,0,0,11,256,7.866000,0.000000,11.694000
872,1664949352.375557,247,256,0,256,104,0,0,13,256,8.244000,0.000000,12.036000
873,1664949352.475544,244,256,0,256,93,0,0,12,256,8.327000,0.000000,12.340000
874,1664949352.575529,248,256,0,256,88,0,0,9,256,8.251000,0.000000,12.313000
875,1664949352.675517,245,256,0,256,91,0,0,13,256,8.159000,0.000000,11.933000
876,1664949352.775507,248,256,0,256,102,0,0,10,256,8.251000,0.000000,11.933000
877,1664949352.875500,235,256,0,256,104,0,0,21,256,8.217000,0.000000,11.905000
878,1664949352.975500,246,256,0,256,104,0,0,14,256,8.375000,0.000000,12.420000
879,1664949353.075500,249,256,0,256,108,0,0,9,256,8.317000,0.000000,12.454000
880,1664949353.175500,255,256,0,256,104,0,0,3,256,7.904000,0.000000,11.880000
881,1664949353.275500,247,256,0,256,109,0,0,14,256,9.561000,0.000000,13.441000
882,1664949353.375500,243,256,0,256,100,0,0,14,256,8.236000,0.000000,11.953000
883,1664949353.475500,242,256,0,256,94,0,0,17,256,8.422000,0.000000,12.386000
884,1664949353.575500,235,256,0,256,108,0,0,22,256,9.246000,0.000000,12.901000
885,1664949353.675500,233,256,0,256,102,0,0,25,256,8.223000,0.000000,11.997000
886,1664949353.775500,230,256,0,256,106,0,0,29,256,8.024000,0.000000,11.882000
887,1664949353.875500,242,256,0,256,108,0,0,15,256,8.271000,0.000000,12.084000
888,1664949353.975500,236,256,0,256,105,0,0,21,256,7.893000,0.000000,11.778000
889,1664949354.075500,228,256,0,256,112,0,0,32,256,8.439000,0.000000,12.333000
890,1664949354.175500,231,256,0,256,103,0,0,28,256,8.226000,0.000000,11.969000
891,1664949354.275500,229,256,0,256,100,0,0,29,256,8.286000,0.000000,12.261000
892,1664949354.375500,228,256,0,256,97,0,0,32,256,8.322000,0.000000,12.153000
893,1664949354.475500,233,256,0,256,97,0,0,25,256,9.712000,0.000000,13.791000
894,1664949354.575500,227,256,0,256,104,0,0,32,256,9.674000,0.000000,14.985000
895,1664949354.675500,237,256,0,256,101,0,0,23,256,10.064000,0.000000,16.134000
896,1664949354.775500,235,256,0,256,119,0,0,23,256,8.095000,0.000000,11.845000
897,1664949354.875500,237,256,0,256,113,0,0,21,256,8.016000,0.000000,11.679000
898,1664949354.975500,245,256,0,256,116,0,0,13,256,7.899000,0.000000,11.988000
899,1664949355.075500,239,256,0,256,101,0,0,17,256,9.291000,0.000000,13.693000
900,1664949355.175500,234,256,0,256,107,0,0,26,256,9.042000,0.000000,13.210000
901,1664949355.275500,234,256,0,256,107,0,0,27,256,8.617000,0.000000,12.750000
902,1664949355.375500,239,256,0,256,106,0,0,18,256,8.178000,0.000000,12.090000
903,1664949355.475500,227,256,0,256,100,0,0,31,256,8.015000,0.000000,11.872000
904,1664949355.575500,218,256,0,256,99,0,0,41,256,8.330000,0.000000,12.247000
905,1664949355.675500,212,256,0,256,101,0,0,45,256,8.014000,0.000000,11.914000
906,1664949355.775500,221,256,0,256,102,0,0,35,256,8.269000,0.000000,12.199000
907,1664949355.875500,234,256,0,256,94,0,0,23,256,8.000000,0.000000,11.965000
908,1664949355.975500,242,256,0,256,87,0,0,16,256,8.951000,0.000000,13.094000
909,1664949356.075500,226,256,0,256,92,0,0,30,256,9.081000,0.000000,13.231000
910,1664949356.175500,225,256,0,256,100,0,0,31,256,9.529000,0.000000,13.764000
911,1664949356.275500,218,256,0,256,89,0,0,42,256,8.568000,0.000000,13.094000
912,1664949356.375500,223,256,0,256,92,0,0,34,256,7.888000,0.000000,11.799000
913,1664949356.475500,236,256,0,256,99,0,0,23,256,8.472000,0.000000,12.537000
914,1664949356.575500,227,256,0,256,104,0,0,32,256,8.247000,0.000000,12.549000
915,1664949356.675500,236,256,0,256,96,0,0,22,256,7.660000,0.000000,11.684000
916,1664949356.775500,239,256,0,256,98,0,0,18,256,8.270000,0.000000,12.165000
917,1664949356.875500,236,256,0,256,97,0,0,21,256,8.225000,0.000000,12.275000
918,1664949356.975500,235,256,0,256,93,0,0,21,256,8.238000,0.000000,12.335000
919,1664949357.075500,234,256,0,256,92,0,0,24,256,8.327000,0.000000,12.313000
920,1664949357.175500,243,256,0,256,92,0,0,14,256,7.679000,0.000000,11.942000
921,1664949357.275500,239,256,0,256,93,0,0,18,256,8.609000,0.000000,12.664000
922,1664949357.375500,238,256,0,256,93,0,0,18,256,7.903000,0.000000,11.785000
923,1664949357.475500,243,256,0,256,88,0,0,15,256,8.307000,0.000000,12.362000
924,1664949357.575500,230,256,0,256,95,0,0,29,256,8.241000,0.000000,12.161000
925,1664949357.675500,242,256,0,256,93,0,0,17,256,7.892000,0.000000,11.815000
926,1664949357.775500,221,256,0,256,108,0,0,39,256,8.202000,0.000000,12.602000
927,1664949357.875500,236,256,0,256,116,0,0,21,256,8.385000,0.000000,12.416000
928,1664949357.975500,242,256,0,256,121,0,0,16,256,8.671000,0.000000,13.015000
929,1664949358.075500,232,256,0,256,110,0,0,24,256,8.356000,0.000000,12.334000
930,1664949358.175500,238,256,0,256,112,0,0,18,256,8.328000,0.000000,12.354000
931,1664949358.275487,225,256,0,256,98,0,0,32,256,8.352000,0.000000,12.407000
932,1664949358.375465,227,256,0,256,85,0,0,29,256,7.992000,0.000000,12.048000
933,1664949358.475446,225,256,0,256,70,0,0,33,256,8.180000,0.000000,12.204000
934,1664949358.575429,208,256,0,256,89,0,0,49,256,8.710000,0.000000,12.790000
935,1664949358.675414,227,256,0,256,89,0,0,30,256,8.280000,0.000000,12.466000
936,1664949358.775400,220,256,0,256,103,0,0,36,256,8.474000,0.000000,12.975000
937,1664949358.875388,223,256,0,256,110,0,0,34,256,8.294000,0.000000,12.768000
938,1664949358.975378,228,256,0,256,120,0,0,31,256,8.743000,0.000000,12.678000
939,1664949359.075369,225,256,0,256,120,0,0,32,256,8.733000,0.000000,14.159000
940,1664949359.175360,229,256,0,256,130,0,0,27,256,8.864000,0.000000,12.878000
941,1664949359.275353,238,256,0,256,128,0,0,20,256,8.256000,0.000000,12.205000
942,1664949359.375345,242,256,0,256,135,0,0,15,256,8.811000,0.000000,12.711000
943,1664949359.475338,235,256,0,256,133,0,0,23,256,8.823000,0.000000,12.481000
944,1664949359.575330,242,256,0,256,133,0,0,15,256,8.248000,0.000000,12.049000
945,1664949359.675322,251,256,0,256,132,0,0,6,256,7.882000,0.000000,11.831000
946,1664949359.775314,252,256,0,256,139,0,0,4,256,8.244000,0.000000,12.316000
947,1664949359.875306,251,256,0,256,145,0,0,7,256,7.876000,0.000000,11.662000
948,1664949359.975298,244,256,0,256,136,0,0,13,256,8.607000,0.000000,12.504000
949,1664949360.075292,241,256,0,256,146,0,0,15,256,8.612000,0.000000,13.027000
950,1664949360.175285,243,256,0,256,141,0,0,14,256,8.576000,0.000000,12.917000
951,1664949360.275280,242,256,0,256,140,0,0,17,256,8.835000,0.000000,12.718000
952,1664949360.375280,243,256,0,256,134,0,0,14,256,7.900000,0.000000,11.799000
953,1664949360.475280,236,256,0,256,142,0,0,20,256,8.205000,0.000000,12.424000
954,1664949360.575280,242,256,0,256,152,0,0,14,256,8.289000,0.000000,12.143000
955,1664949360.675280,238,256,0,256,148,0,0,19,256,8.304000,0.000000,12.335000
956,1664949360.775280,247,256,0,256,141,0,0,9,256,7.688000,0.000000,11.312000
957,1664949360.875280,244,256,0,256,140,0,0,12,256,7.855000,0.000000,11.635000
958,1664949360.975280,240,256,0,256,142,0,0,17,256,8.282000,0.000000,12.390000
959,1664949361.075280,237,256,0,256,138,0,0,20,256,10.396000,0.000000,14.556000
960,1664949361.175280,242,256,0,256,141,0,0,15,256,8.154000,0.000000,12.185000
961,1664949361.275280,248,256,0,256,145,0,0,9,256,8.272000,0.000000,12.052000
962,1664949361.375280,241,256,0,256,145,0,0,15,256,8.022000,0.000000,11.567000
963,1664949361.475280,245,256,0,256,145,0,0,11,256,8.238000,0.000000,12.096000
964,1664949361.575280,244,256,0,256,135,0,0,13,256,8.327000,0.000000,12.056000
965,1664949361.675280,231,256,0,256,140,0,0,26,256,8.160000,0.000000,11.787000
966,1664949361.775280,251,256,0,256,153,0,0,6,256,9.495000,0.000000,13.325000
967,1664949361.875280,249,256,0,256,156,0,0,7,256,8.679000,0.000000,12.488000
968,1664949361.975280,248,256,0,256,159,0,0,8,256,7.883000,0.000000,11.729000
969,1664949362.075275,247,256,0,256,161,0,0,9,256,8.296000,0.000000,12.000000
970,1664949362.175262,247,256,0,256,163,0,0,10,256,8.173000,0.000000,11.992000
971,1664949362.275250,241,256,0,256,146,0,0,16,256,8.605000,0.000000,12.247000
972,1664949362.375241,249,256,0,256,150,0,0,9,256,8.596000,0.000000,12.207000
973,1664949362.475233,245,256,0,256,137,0,0,11,256,8.221000,0.000000,12.103000
974,1664949362.575227,254,256,0,256,148,0,0,3,256,8.247000,0.000000,11.680000
975,1664949362.675223,252,256,0,256,144,0,0,6,256,8.006000,0.000000,11.581000
976,1664949362.775219,244,256,0,256,140,0,0,12,256,8.010000,0.000000,11.548000
977,1664949362.875217,248,256,0,256,143,0,0,9,256,7.942000,0.000000,11.583000
978,1664949362.975215,244,256,0,256,139,0,0,13,256,8.185000,0.000000,11.727000
979,1664949363.075215,247,256,0,256,145,0,0,10,256,8.161000,0.000000,11.923000
980,1664949363.175215,250,256,0,256,146,0,0,6,256,8.323000,0.000000,11.768000
981,1664949363.275216,254,256,0,256,137,0,0,4,256,8.889000,0.000000,13.632000
982,1664949363.375217,252,256,0,256,130,0,0,4,256,9.176000,0.000000,12.972000
983,1664949363.475218,236,256,0,256,136,0,0,21,256,7.870000,0.000000,11.591000
984,1664949363.575219,246,256,0,256,126,0,0,15,256,7.889000,0.000000,12.103000
985,1664949363.675220,236,256,0,256,123,0,0,21,256,7.695000,0.000000,11.567000
986,1664949363.775223,237,256,0,256,106,0,0,21,256,8.316000,0.000000,12.077000
987,1664949363.875224,237,256,0,256,93,0,0,20,256,7.673000,0.000000,11.445000
988,1664949363.975225,239,256,0,256,106,0,0,21,256,8.325000,0.000000,12.269000
989,1664949364.075227,231,256,0,256,118,0,0,25,256,8.711000,0.000000,12.748000
990,1664949364.175226,231,256,0,256,123,0,0,27,256,8.752000,0.000000,12.893000
991,1664949364.275227,229,256,0,256,124,0,0,28,256,8.193000,0.000000,11.696000
992,1664949364.375226,238,256,0,256,119,0,0,19,256,8.312000,0.000000,12.355000
993,1664949364.475226,230,256,0,256,118,0,0,29,256,8.206000,0.000000,11.862000
994,1664949364.575227,243,256,0,256,107,0,0,14,256,8.045000,0.000000,11.899000
995,1664949364.675226,228,256,0,256,100,0,0,29,256,8.320000,0.000000,12.412000
996,1664949364.775227,240,256,0,256,103,0,0,20,256,8.278000,0.000000,11.914000
997,1664949364.875226,238,256,0,256,115,0,0,20,256,8.015000,0.000000,11.711000
998,1664949364.975226,236,256,0,256,113,0,0,20,256,8.579000,0.000000,12.845000
999,1664949365.075227,240,256,0,256,108,0,0,18,256,8.894000,0.000000,13.039000
1000,1664949365.175226,239,256,0,256,118,0,0,17,256,9.049000,0.000000,13.416000
1001,1664949365.275227,238,256,0,256,127,0,0,20,256,8.335000,0.000000,11.952000
1002,1664949365.375226,240,256,0,256,120,0,0,18,256,8.013000,0.000000,11.788000
1003,1664949365.475226,236,256,0,256,114,0,0,21,256,8.012000,0.000000,11.592000
1004,1664949365.575227,239,256,0,256,119,0,0,20,256,8.009000,0.000000,11.645000
1005,1664949365.675226,231,256,0,256,124,0,0,25,256,8.273000,0.000000,12.124000
1006,1664949365.775227,235,256,0,256,122,0,0,24,256,8.019000,0.000000,11.931000
1007,1664949365.875226,248,256,0,256,117,0,0,10,256,7.963000,0.000000,12.014000
1008,1664949365.975226,248,256,0,256,116,0,0,14,256,8.160000,0.000000,11.972000
1009,1664949366.075227,249,256,0,256,111,0,0,11,256,8.266000,0.000000,12.130000
1010,1664949366.175226,239,256,0,256,100,0,0,21,256,8.143000,0.000000,12.164000
1011,1664949366.275227,209,256,0,256,107,0,0,49,256,8.052000,0.000000,11.997000
1012,1664949366.375226,245,256,0,256,115,0,0,13,256,8.241000,0.000000,12.099000
1013,1664949366.475226,247,256,0,256,122,0,0,11,256,8.326000,0.000000,12.455000
1014,1664949366.575227,240,256,0,256,131,0,0,16,256,8.368000,0.000000,12.260000
1015,1664949366.675226,250,256,0,256,120,0,0,9,256,8.618000,0.000000,12.433000
1016,1664949366.775227,247,256,0,256,120,0,0,10,256,7.931000,0.000000,11.940000
1017,1664949366.875226,237,256,0,256,110,0,0,20,256,8.310000,0.000000,12.190000
1018,1664949366.975226,237,256,0,256,108,0,0,21,256,8.956000,0.000000,12.586000
1019,1664949367.075227,246,256,0,256,118,0,0,10,256,8.238000,0.000000,12.117000
1020,1664949367.175226,253,256,0,256,116,0,0,3,256,8.283000,0.000000,14.201000
1021,1664949367.275227,245,256,0,256,130,0,0,11,256,8.357000,0.000000,11.831000
1022,1664949367.375226,245,256,0,256,123,0,0,13,256,8.605000,0.000000,12.260000
1023,1664949367.475226,234,256,0,256,139,0,0,23,256,8.217000,0.000000,11.845000
1024,1664949367.575227,240,256,0,256,135,0,0,17,256,7.704000,0.000000,11.836000
1025,1664949367.675226,248,256,0,256,142,0,0,10,256,8.277000,0.000000,11.984000
1026,1664949367.775227,239,256,0,256,137,0,0,18,256,8.165000,0.000000,11.841000
1027,1664949367.875223,221,256,0,256,142,0,0,36,256,7.975000,0.000000,11.794000
1028,1664949367.975213,236,256,0,256,145,0,0,23,256,8.263000,0.000000,11.666000
1029,1664949368.075203,248,256,0,256,144,0,0,9,256,8.030000,0.000000,11.846000
1030,1664949368.175195,256,256,0,256,140,0,0,1,256,7.975000,0.000000,11.648000
1031,1664949368.275189,250,256,0,256,145,0,0,6,256,8.279000,0.000000,11.510000
1032,1664949368.375183,252,256,0,256,137,0,0,4,256,8.283000,0.000000,11.808000
1033,1664949368.475179,252,256,0,256,125,0,0,6,256,8.242000,0.000000,11.817000
1034,1664949368.575176,249,256,0,256,132,0,0,10,256,8.277000,0.000000,12.431000
1035,1664949368.675174,240,256,0,256,125,0,0,18,256,7.846000,0.000000,11.554000
1036,1664949368.775173,242,256,0,256,118,0,0,17,256,8.213000,0.000000,12.498000
1037,1664949368.875172,248,256,0,256,114,0,0,11,256,7.783000,0.000000,11.449000
1038,1664949368.975170,245,256,0,256,104,0,0,12,256,8.187000,0.000000,11.881000
1039,1664949369.075169,239,256,0,256,99,0,0,18,256,7.847000,0.000000,11.608000
1040,1664949369.175167,242,256,0,256,100,0,0,18,256,8.213000,0.000000,12.152000
1041,1664949369.275166,229,256,0,256,111,0,0,29,256,7.658000,0.000000,11.391000
1042,1664949369.375163,225,256,0,256,106,0,0,31,256,8.126000,0.000000,11.822000
1043,1664949369.475160,228,256,0,256,116,0,0,30,256,7.985000,0.000000,11.692000
1044,1664949369.575157,241,256,0,256,118,0,0,20,256,7.652000,0.000000,11.231000
1045,1664949369.675155,244,256,0,256,117,0,0,13,256,8.196000,0.000000,12.085000
1046,1664949369.775153,239,256,0,256,118,0,0,18,256,8.224000,0.000000,12.281000
1047,1664949369.875153,228,256,0,256,117,0,0,30,256,8.145000,0.000000,12.921000
1048,1664949369.975152,199,256,0,256,127,0,0,59,256,9.828000,0.000000,14.090000
1049,1664949370.075153,235,256,0,256,124,0,0,23,256,9.472000,0.000000,15.889000
1050,1664949370.175153,241,256,0,256,131,0,0,18,256,9.521000,0.000000,13.824000
1051,1664949370.275153,251,256,0,256,132,0,0,6,256,9.095000,0.000000,14.704000
1052,1664949370.375153,247,256,0,256,137,0,0,11,256,9.359000,0.000000,14.783000
1053,1664949370.475152,246,256,0,256,140,0,0,11,256,8.607000,0.000000,12.757000
1054,1664949370.575153,236,256,0,256,137,0,0,20,256,8.656000,0.000000,13.791000
1055,1664949370.675153,238,256,0,256,129,0,0,21,256,9.751000,0.000000,14.442000
1056,1664949370.775153,231,256,0,256,140,0,0,25,256,9.642000,0.000000,14.126000
1057,1664949370.875153,229,256,0,256,128,0,0,27,256,8.462000,0.000000,12.530000
1058,1664949370.975152,221,256,0,256,127,0,0,36,256,9.805000,0.000000,14.088000
1059,1664949371.075153,214,256,0,256,135,0,0,44,256,10.262000,0.000000,14.124000
1060,1664949371.175153,199,256,0,256,132,0,0,57,256,9.294000,0.000000,14.978000
1061,1664949371.275153,205,256,0,256,131,0,0,53,256,9.107000,0.000000,13.613000
1062,1664949371.375153,209,256,0,256,138,0,0,47,256,9.738000,0.000000,14.383000
1063,1664949371.475152,221,256,0,256,129,0,0,37,256,8.992000,0.000000,13.673000
1064,1664949371.575153,233,256,0,256,138,0,0,24,256,8.942000,0.000000,12.590000
1065,1664949371.675153,235,256,0,256,135,0,0,22,256,10.137000,0.000000,14.202000
1066,1664949371.775153,232,256,0,256,135,0,0,24,256,10.833000,0.000000,15.478000
1067,1664949371.875153,234,256,0,256,138,0,0,23,256,10.718000,0.000000,15.635000
1068,1664949371.975152,239,256,0,256,140,0,0,22,256,9.589000,0.000000,14.477000
1069,1664949372.075153,245,256,0,256,137,0,0,13,256,9.206000,0.000000,13.070000
1070,1664949372.175153,247,256,0,256,136,0,0,13,256,8.435000,0.000000,12.141000
1071,1664949372.275153,240,256,0,256,137,0,0,18,256,8.187000,0.000000,11.827000
1072,1664949372.375153,248,256,0,256,138,0,0,10,256,8.189000,0.000000,12.019000
1073,1664949372.475152,245,256,0,256,126,0,0,15,256,8.175000,0.000000,12.001000
1074,1664949372.575153,223,256,0,256,124,0,0,34,256,8.235000,0.000000,12.165000
1075,1664949372.675156,225,256,0,256,106,0,0,32,256,7.979000,0.000000,11.855000
1076,1664949372.775166,247,256,0,256,102,0,0,11,256,7.637000,0.000000,11.620000
1077,1664949372.875176,246,256,0,256,102,0,0,11,256,8.189000,0.000000,11.984000
1078,1664949372.975183,245,256,0,256,99,0,0,12,256,9.241000,0.000000,13.516000
1079,1664949373.075191,245,256,0,256,98,0,0,12,256,9.490000,0.000000,13.681000
1080,1664949373.175198,245,256,0,256,92,0,0,11,256,8.628000,0.000000,13.024000
1081,1664949373.275203,243,256,0,256,85,0,0,15,256,7.995000,0.000000,11.815000
1082,1664949373.375209,239,256,0,256,83,0,0,19,256,7.985000,0.000000,11.906000
1083,1664949373.475213,231,256,0,256,91,0,0,25,256,7.880000,0.000000,12.135000
1084,1664949373.575217,226,256,0,256,84,0,0,30,256,7.935000,0.000000,12.135000
1085,1664949373.675220,226,256,0,256,94,0,0,33,256,7.964000,0.000000,12.200000
1086,1664949373.775224,220,256,0,256,92,0,0,36,256,8.159000,0.000000,12.593000
1087,1664949373.875227,235,256,0,256,84,0,0,24,256,8.491000,0.000000,12.282000
1088,1664949373.975233,225,256,0,256,75,0,0,32,256,8.466000,0.000000,12.680000
1089,1664949374.075241,231,256,0,256,82,0,0,26,256,8.239000,0.000000,12.370000
1090,1664949374.175251,234,256,0,256,73,0,0,24,256,8.375000,0.000000,12.465000
1091,1664949374.275262,218,256,0,256,70,0,0,41,256,7.990000,0.000000,12.059000
1092,1664949374.375273,225,256,0,256,69,0,0,32,256,7.667000,0.000000,11.765000
1093,1664949374.475284,225,256,0,256,77,0,0,31,256,7.948000,0.000000,12.326000
1094,1664949374.575295,223,256,0,256,69,0,0,34,256,9.676000,0.000000,15.589000
1095,1664949374.675303,238,256,0,256,79,0,0,18,256,9.012000,0.000000,13.718000
1096,1664949374.775303,213,256,0,256,71,0,0,43,256,8.338000,0.000000,12.617000
1097,1664949374.875303,214,256,0,256,70,0,0,43,256,8.938000,0.000000,13.828000
1098,1664949374.975303,210,256,0,256,77,0,0,48,256,9.454000,0.000000,13.945000
1099,1664949375.075303,216,256,0,256,81,0,0,43,256,8.225000,0.000000,12.349000
1100,1664949375.175303,209,256,0,256,83,0,0,47,256,8.526000,0.000000,13.012000
1101,1664949375.275303,204,256,0,256,101,0,0,54,256,8.968000,0.000000,13.285000
1102,1664949375.375303,218,256,0,256,104,0,0,40,256,9.186000,0.000000,14.293000
1103,1664949375.475303,227,256,0,256,116,0,0,29,256,9.151000,0.000000,13.727000
1104,1664949375.575303,225,256,0,256,111,0,0,35,256,9.191000,0.000000,13.328000
1105,1664949375.675303,225,256,0,256,125,0,0,31,256,9.538000,0.000000,13.591000
1106,1664949375.775303,228,256,0,256,128,0,0,29,256,9.375000,0.000000,14.748000
1107,1664949375.875303,222,256,0,256,139,0,0,37,256,8.446000,0.000000,12.326000
1108,1664949375.975303,228,256,0,256,148,0,0,30,256,9.470000,0.000000,15.115000
1109,1664949376.075303,236,256,0,256,146,0,0,21,256,9.518000,0.000000,15.417000
1110,1664949376.175303,235,256,0,256,152,0,0,23,256,9.067000,0.000000,15.753000
1111,1664949376.275318,228,256,0,256,159,0,0,29,256,8.005000,0.000000,11.980000
1112,1664949376.375334,231,256,0,256,152,0,0,26,256,9.171000,0.000000,13.682000
1113,1664949376.475345,240,256,0,256,161,0,0,17,256,9.464000,0.000000,14.786000
1114,1664949376.575354,239,256,0,256,156,0,0,19,256,8.494000,0.000000,12.194000
1115,1664949376.675362,225,256,0,256,164,0,0,33,256,9.318000,0.000000,14.054000
1116,1664949376.775372,229,256,0,256,179,0,0,27,256,9.598000,0.000000,13.998000
1117,1664949376.875383,244,256,0,256,185,0,0,13,256,9.326000,0.000000,13.449000
1118,1664949376.975396,243,256,0,256,179,0,0,13,256,8.295000,0.000000,12.093000
1119,1664949377.075409,243,256,0,256,172,0,0,17,256,9.026000,0.000000,12.950000
1120,1664949377.175421,235,256,0,256,177,0,0,23,256,8.996000,0.000000,13.423000
1121,1664949377.275432,246,256,0,256,173,0,0,10,256,9.406000,0.000000,14.299000
1122,1664949377.375443,242,256,0,256,154,0,0,14,256,8.687000,0.000000,13.360000
1123,1664949377.475451,249,256,0,256,155,0,0,9,256,8.383000,0.000000,12.486000
1124,1664949377.575460,246,256,0,256,164,0,0,10,256,8.475000,0.000000,12.192000
1125,1664949377.675468,247,256,0,256,164,0,0,9,256,8.249000,0.000000,12.384000
1126,1664949377.775476,246,256,0,256,145,0,0,10,256,8.248000,0.000000,12.201000
1127,1664949377.875483,236,256,0,256,146,0,0,20,256,8.253000,0.000000,12.001000
1128,1664949377.975491,246,256,0,256,146,0,0,10,256,7.937000,0.000000,11.701000
1129,1664949378.075497,244,256,0,256,134,0,0,13,256,8.284000,0.000000,12.078000
1130,1664949378.175503,245,256,0,256,132,0,0,12,256,8.235000,0.000000,12.142000
1131,1664949378.275505,246,256,0,256,127,0,0,12,256,7.890000,0.000000,11.688000
1132,1664949378.375504,242,256,0,256,113,0,0,14,256,7.867000,0.000000,12.174000
1133,1664949378.475504,244,256,0,256,110,0,0,13,256,8.235000,0.000000,12.194000
1134,1664949378.575505,242,256,0,256,101,0,0,15,256,8.438000,0.000000,14.823000
1135,1664949378.675504,250,256,0,256,87,0,0,7,256,8.122000,0.000000,14.599000
1136,1664949378.775505,247,256,0,256,78,0,0,10,256,8.669000,0.000000,14.373000
1137,1664949378.875504,247,256,0,256,80,0,0,10,256,7.966000,0.000000,12.064000
1138,1664949378.975504,231,256,0,256,84,0,0,28,256,7.891000,0.000000,11.813000
1139,1664949379.075505,242,256,0,256,82,0,0,14,256,8.207000,0.000000,12.465000
1140,1664949379.175504,230,256,0,256,75,0,0,27,256,8.122000,0.000000,12.345000
1141,1664949379.275505,238,256,0,256,88,0,0,20,256,8.238000,0.000000,12.389000
1142,1664949379.375504,233,256,0,256,87,0,0,23,256,8.225000,0.000000,12.754000
1143,1664949379.475504,235,256,0,256,75,0,0,22,256,8.057000,0.000000,13.520000
1144,1664949379.575505,243,256,0,256,73,0,0,13,256,8.255000,0.000000,12.563000
1145,1664949379.675504,236,256,0,256,68,0,0,22,256,7.863000,0.000000,11.933000
1146,1664949379.775505,233,256,0,256,62,0,0,25,256,7.909000,0.000000,12.087000
1147,1664949379.875504,235,256,0,256,65,0,0,23,256,8.027000,0.000000,12.291000
1148,1664949379.975504,217,256,0,256,51,0,0,42,256,7.911000,0.000000,12.211000
1149,1664949380.075505,232,256,0,256,45,0,0,27,256,8.164000,0.000000,12.390000
1150,1664949380.175504,198,256,0,256,52,0,0,58,256,7.903000,0.000000,12.101000
1151,1664949380.275532,214,256,0,256,50,0,0,45,256,8.010000,0.000000,12.198000
1152,1664949380.375560,212,256,0,256,49,0,0,45,256,8.251000,0.000000,12.309000
1153,1664949380.475581,223,256,0,256,47,0,0,37,256,8.480000,0.000000,12.693000
1154,1664949380.575603,216,256,0,256,39,0,0,40,256,8.532000,0.000000,12.557000
1155,1664949380.675622,212,256,0,256,39,0,0,46,256,7.893000,0.000000,11.940000
1156,1664949380.775638,220,256,0,256,42,0,0,37,256,8.498000,0.000000,12.736000
1157,1664949380.875653,195,256,0,256,43,0,0,62,256,8.304000,0.000000,12.612000
1158,1664949380.975666,176,256,0,256,39,0,0,83,256,8.607000,0.000000,13.814000
1159,1664949381.075678,193,256,0,256,42,0,0,64,256,8.425000,0.000000,12.808000
1160,1664949381.175689,173,256,0,256,49,0,0,86,256,8.202000,0.000000,13.350000
1161,1664949381.275694,202,256,0,256,52,0,0,55,256,8.164000,0.000000,12.667000
1162,1664949381.375699,212,256,0,256,51,0,0,47,256,8.219000,0.000000,12.449000
1163,1664949381.475703,214,256,0,256,45,0,0,44,256,8.165000,0.000000,12.409000
1164,1664949381.575707,204,256,0,256,51,0,0,52,256,8.333000,0.000000,12.461000
1165,1664949381.675708,191,256,0,256,49,0,0,70,256,8.153000,0.000000,12.688000
1166,1664949381.775707,218,256,0,256,54,0,0,41,256,8.417000,0.000000,12.876000
1167,1664949381.875705,223,256,0,256,51,0,0,35,256,8.112000,0.000000,12.520000
1168,1664949381.975704,226,256,0,256,51,0,0,35,256,7.887000,0.000000,12.200000
1169,1664949382.075704,220,256,0,256,47,0,0,37,256,8.180000,0.000000,12.734000
1170,1664949382.175703,201,256,0,256,47,0,0,57,256,8.100000,0.000000,12.455000
1171,1664949382.275701,217,256,0,256,45,0,0,41,256,8.220000,0.000000,12.431000
1172,1664949382.375701,237,256,0,256,50,0,0,19,256,7.657000,0.000000,11.890000
1173,1664949382.475701,223,256,0,256,52,0,0,35,256,8.208000,0.000000,12.529000
1174,1664949382.575701,237,256,0,256,52,0,0,24,256,8.221000,0.000000,12.760000
1175,1664949382.675701,240,256,0,256,64,0,0,19,256,8.396000,0.000000,12.654000
1176,1664949382.775701,222,256,0,256,66,0,0,36,256,7.661000,0.000000,11.961000
1177,1664949382.875701,231,256,0,256,65,0,0,26,256,8.297000,0.000000,12.338000
1178,1664949382.975701,223,256,0,256,59,0,0,35,256,8.394000,0.000000,12.622000
1179,1664949383.075701,237,256,0,256,52,0,0,23,256,8.130000,0.000000,12.531000
1180,1664949383.175683,229,256,0,256,53,0,0,29,256,8.495000,0.000000,12.662000
1181,1664949383.275652,218,256,0,256,44,0,0,39,256,8.166000,0.000000,12.387000
1182,1664949383.375626,231,256,0,256,47,0,0,25,256,8.430000,0.000000,12.889000
1183,1664949383.475606,222,256,0,256,52,0,0,35,256,8.274000,0.000000,12.786000
1184,1664949383.575588,198,256,0,256,57,0,0,59,256,8.356000,0.000000,12.877000
1185,1664949383.675571,213,256,0,256,48,0,0,43,256,8.104000,0.000000,12.706000
1186,1664949383.775557,230,256,0,256,49,0,0,27,256,8.236000,0.000000,12.953000
1187,1664949383.875545,214,256,0,256,50,0,0,42,256,8.162000,0.000000,12.512000
1188,1664949383.975535,196,256,0,256,51,0,0,61,256,8.131000,0.000000,12.391000
1189,1664949384.075526,198,256,0,256,56,0,0,61,256,8.040000,0.000000,12.308000
1190,1664949384.175519,201,256,0,256,66,0,0,57,256,8.226000,0.000000,12.578000
1191,1664949384.275512,218,256,0,256,59,0,0,45,256,8.115000,0.000000,12.252000
1192,1664949384.375504,225,256,0,256,62,0,0,32,256,8.420000,0.000000,12.662000
1193,1664949384.475496,225,256,0,256,62,0,0,34,256,8.156000,0.000000,12.352000
1194,1664949384.575487,228,256,0,256,65,0,0,28,256,8.286000,0.000000,12.565000
1195,1664949384.675478,223,256,0,256,62,0,0,34,256,8.339000,0.000000,12.628000
1196,1664949384.775470,229,256,0,256,76,0,0,29,256,8.184000,0.000000,12.410000
1197,1664949384.875462,247,256,0,256,65,0,0,9,256,7.909000,0.000000,12.113000
1198,1664949384.975454,234,256,0,256,65,0,0,24,256,8.218000,0.000000,12.157000
1199,1664949385.075447,219,256,0,256,73,0,0,37,256,8.136000,0.000000,12.181000
1200,1664949385.175442,210,256,0,256,70,0,0,48,256,8.303000,0.000000,12.447000
1201,1664949385.275442,231,256,0,256,73,0,0,27,256,8.375000,0.000000,12.507000
1202,1664949385.375442,226,256,0,256,68,0,0,31,256,8.470000,0.000000,12.548000
1203,1664949385.475442,240,256,0,256,69,0,0,20,256,8.271000,0.000000,12.439000
1204,1664949385.575442,230,256,0,256,67,0,0,33,256,8.442000,0.000000,12.510000
1205,1664949385.675442,229,256,0,256,75,0,0,30,256,7.666000,0.000000,11.765000
1206,1664949385.775442,240,256,0,256,79,0,0,16,256,8.181000,0.000000,12.345000
1207,1664949385.875442,239,256,0,256,68,0,0,18,256,8.503000,0.000000,12.286000
1208,1664949385.975442,231,256,0,256,70,0,0,25,256,8.382000,0.000000,12.365000
1209,1664949386.075442,225,256,0,256,65,0,0,32,256,7.945000,0.000000,12.178000
1210,1664949386.175442,239,256,0,256,64,0,0,21,256,8.279000,0.000000,12.156000
1211,1664949386.275442,245,256,0,256,50,0,0,12,256,8.183000,0.000000,12.564000
1212,1664949386.375442,240,256,0,256,59,0,0,17,256,8.371000,0.000000,12.361000
1213,1664949386.475442,242,256,0,256,63,0,0,17,256,8.367000,0.000000,12.297000
1214,1664949386.575442,233,256,0,256,55,0,0,27,256,8.392000,0.000000,12.469000
1215,1664949386.675442,239,256,0,256,54,0,0,21,256,8.280000,0.000000,12.254000
1216,1664949386.775442,239,256,0,256,53,0,0,17,256,8.430000,0.000000,12.574000
1217,1664949386.875442,241,256,0,256,62,0,0,16,256,8.252000,0.000000,12.153000
1218,1664949386.975442,236,256,0,256,54,0,0,23,256,8.464000,0.000000,12.360000
1219,1664949387.075442,243,256,0,256,55,0,0,13,256,8.173000,0.000000,12.406000
1220,1664949387.175442,245,256,0,256,46,0,0,12,256,8.615000,0.000000,12.604000
1221,1664949387.275442,242,256,0,256,50,0,0,15,256,8.115000,0.000000,12.022000
1222,1664949387.375442,236,256,0,256,50,0,0,22,256,8.177000,0.000000,12.168000
1223,1664949387.475442,244,256,0,256,46,0,0,13,256,8.269000,0.000000,12.405000
1224,1664949387.575425,246,256,0,256,52,0,0,12,256,7.866000,0.000000,11.838000
1225,1664949387.675409,231,256,0,256,63,0,0,26,256,8.454000,0.000000,12.665000
1226,1664949387.775394,216,256,0,256,51,0,0,43,256,8.523000,0.000000,12.687000
1227,1664949387.875382,233,256,0,256,57,0,0,25,256,8.417000,0.000000,12.563000
1228,1664949387.975372,219,256,0,256,55,0,0,37,256,8.172000,0.000000,12.302000
1229,1664949388.075364,224,256,0,256,60,0,0,35,256,8.003000,0.000000,12.066000
1230,1664949388.175360,213,256,0,256,54,0,0,44,256,8.329000,0.000000,12.415000
1231,1664949388.275360,227,256,0,256,44,0,0,32,256,8.428000,0.000000,12.512000
1232,1664949388.375360,237,256,0,256,40,0,0,21,256,8.171000,0.000000,12.842000
1233,1664949388.475360,233,256,0,256,47,0,0,24,256,8.409000,0.000000,12.870000
1234,1664949388.575361,240,256,0,256,54,0,0,19,256,8.239000,0.000000,12.241000
1235,1664949388.675362,226,256,0,256,58,0,0,31,256,8.437000,0.000000,12.701000
1236,1664949388.775365,215,256,0,256,57,0,0,43,256,8.299000,0.000000,12.822000
1237,1664949388.875369,201,256,0,256,62,0,0,62,256,8.140000,0.000000,12.567000
1238,1664949388.975375,209,256,0,256,68,0,0,50,256,7.864000,0.000000,12.291000
1239,1664949389.075382,186,256,0,256,64,0,0,72,256,8.534000,0.000000,12.810000
1240,1664949389.175389,193,256,0,256,73,0,0,63,256,8.394000,0.000000,12.561000
1241,1664949389.275395,215,256,0,256,80,0,0,43,256,7.866000,0.000000,12.073000
1242,1664949389.375399,221,256,0,256,79,0,0,36,256,8.299000,0.000000,12.249000
1243,1664949389.475399,215,256,0,256,85,0,0,43,256,8.171000,0.000000,12.405000
1244,1664949389.575398,226,256,0,256,94,0,0,31,256,8.251000,0.000000,12.125000
1245,1664949389.675398,218,256,0,256,89,0,0,38,256,8.435000,0.000000,12.805000
1246,1664949389.775398,226,256,0,256,81,0,0,33,256,8.011000,0.000000,12.356000
1247,1664949389.875398,224,256,0,256,81,0,0,36,256,8.186000,0.000000,12.252000
1248,1664949389.975398,231,256,0,256,96,0,0,26,256,8.231000,0.000000,12.221000
1249,1664949390.075398,236,256,0,256,90,0,0,20,256,8.508000,0.000000,12.701000
1250,1664949390.175398,237,256,0,256,84,0,0,22,256,8.392000,0.000000,12.460000
1251,1664949390.275398,222,256,0,256,91,0,0,35,256,8.176000,0.000000,12.083000
1252,1664949390.375398,226,256,0,256,77,0,0,34,256,7.875000,0.000000,11.916000
1253,1664949390.475398,228,256,0,256,81,0,0,29,256,8.139000,0.000000,12.123000
1254,1664949390.575398,232,256,0,256,92,0,0,27,256,8.198000,0.000000,12.260000
1255,1664949390.675398,249,256,0,256,90,0,0,7,256,7.872000,0.000000,11.977000
1256,1664949390.775398,256,256,0,256,94,0,0,1,256,8.527000,0.000000,12.620000
1257,1664949390.875394,256,256,0,256,87,0,0,0,256,8.435000,0.000000,12.199000
1258,1664949390.975376,234,256,0,256,89,0,0,22,256,7.985000,0.000000,12.085000
1259,1664949391.075362,240,256,0,256,78,0,0,20,256,8.486000,0.000000,12.450000
1260,1664949391.175351,242,256,0,256,69,0,0,15,256,8.319000,0.000000,12.507000
1261,1664949391.275342,225,256,0,256,60,0,0,32,256,8.185000,0.000000,12.404000
1262,1664949391.375334,242,256,0,256,61,0,0,17,256,8.493000,0.000000,12.785000
1263,1664949391.475327,225,256,0,256,64,0,0,33,256,8.297000,0.000000,12.477000
1264,1664949391.575321,222,256,0,256,67,0,0,34,256,8.389000,0.000000,12.886000
1265,1664949391.675316,224,256,0,256,55,0,0,33,256,8.431000,0.000000,12.866000
1266,1664949391.775310,212,256,0,256,52,0,0,44,256,8.432000,0.000000,12.580000
1267,1664949391.875306,211,256,0,256,54,0,0,46,256,8.286000,0.000000,12.500000
1268,1664949391.975302,213,256,0,256,67,0,0,47,256,8.219000,0.000000,12.527000
1269,1664949392.075299,215,256,0,256,84,0,0,44,256,7.720000,0.000000,11.694000
1270,1664949392.175296,214,256,0,256,90,0,0,45,256,8.265000,0.000000,12.270000
1271,1664949392.275293,229,256,0,256,96,0,0,29,256,8.561000,0.000000,13.548000
1272,1664949392.375290,221,256,0,256,103,0,0,37,256,8.337000,0.000000,12.690000
1273,1664949392.475287,230,256,0,256,107,0,0,29,256,8.312000,0.000000,12.427000
1274,1664949392.575285,225,256,0,256,117,0,0,32,256,8.011000,0.000000,11.924000
1275,1664949392.675283,222,256,0,256,115,0,0,35,256,8.326000,0.000000,12.284000
1276,1664949392.775281,233,256,0,256,121,0,0,24,256,8.263000,0.000000,12.345000
1277,1664949392.875279,225,256,0,256,119,0,0,32,256,8.155000,0.000000,12.137000
1278,1664949392.975279,226,256,0,256,128,0,0,32,256,8.282000,0.000000,12.271000
1279,1664949393.075279,230,256,0,256,134,0,0,27,256,7.900000,0.000000,11.915000
1280,1664949393.175279,237,256,0,256,136,0,0,21,256,8.241000,0.000000,12.168000
1281,1664949393.275279,239,256,0,256,130,0,0,19,256,8.262000,0.000000,11.963000
1282,1664949393.375279,235,256,0,256,126,0,0,23,256,8.188000,0.000000,12.024000
1283,1664949393.475279,234,256,0,256,132,0,0,22,256,8.525000,0.000000,12.207000
1284,1664949393.575279,240,256,0,256,134,0,0,18,256,8.053000,0.000000,11.882000
1285,1664949393.675279,231,256,0,256,137,0,0,26,256,8.184000,0.000000,11.935000
1286,1664949393.775279,236,256,0,256,127,0,0,21,256,8.399000,0.000000,12.358000
1287,1664949393.875279,228,256,0,256,131,0,0,31,256,7.673000,0.000000,11.376000
1288,1664949393.975279,222,256,0,256,135,0,0,36,256,8.186000,0.000000,12.131000
1289,1664949394.075279,228,256,0,256,131,0,0,30,256,8.181000,0.000000,11.876000
1290,1664949394.175279,231,256,0,256,148,0,0,28,256,8.286000,0.000000,12.116000
1291,1664949394.275279,234,256,0,256,135,0,0,24,256,8.229000,0.000000,11.884000
1292,1664949394.375279,236,256,0,256,126,0,0,23,256,8.308000,0.000000,12.166000
1293,1664949394.475279,235,256,0,256,130,0,0,23,256,8.225000,0.000000,12.041000
1294,1664949394.575279,234,256,0,256,129,0,0,22,256,8.284000,0.000000,11.971000
1295,1664949394.675279,233,256,0,256,128,0,0,25,256,8.129000,0.000000,11.754000
1296,1664949394.775279,227,256,0,256,124,0,0,29,256,8.165000,0.000000,12.029000
1297,1664949394.875279,236,256,0,256,118,0,0,23,256,8.120000,0.000000,11.773000
1298,1664949394.975279,228,256,0,256,121,0,0,31,256,8.224000,0.000000,12.145000
1299,1664949395.075279,218,256,0,256,112,0,0,40,256,8.170000,0.000000,12.314000
1300,1664949395.175279,231,256,0,256,101,0,0,25,256,8.399000,0.000000,12.364000
1301,1664949395.275279,213,256,0,256,108,0,0,45,256,8.431000,0.000000,12.498000
1302,1664949395.375279,224,256,0,256,115,0,0,33,256,8.453000,0.000000,12.282000
1303,1664949395.475279,231,256,0,256,115,0,0,27,256,8.478000,0.000000,12.420000
1304,1664949395.575279,227,256,0,256,107,0,0,31,256,8.306000,0.000000,12.386000
1305,1664949395.675279,227,256,0,256,114,0,0,29,256,7.677000,0.000000,11.359000
1306,1664949395.775279,227,256,0,256,122,0,0,31,256,8.312000,0.000000,12.221000
1307,1664949395.875279,222,256,0,256,114,0,0,36,256,8.141000,0.000000,11.938000
1308,1664949395.975279,225,256,0,256,107,0,0,34,256,8.214000,0.000000,12.223000
1309,1664949396.075279,226,256,0,256,119,0,0,32,256,8.474000,0.000000,12.296000
1310,1664949396.175279,216,256,0,256,111,0,0,40,256,8.291000,0.000000,12.294000
1311,1664949396.275279,224,256,0,256,105,0,0,32,256,8.292000,0.000000,12.282000
1312,1664949396.375279,225,256,0,256,114,0,0,31,256,8.159000,0.000000,12.043000
1313,1664949396.475279,232,256,0,256,104,0,0,25,256,8.206000,0.000000,12.325000
1314,1664949396.575279,222,256,0,256,101,0,0,35,256,8.156000,0.000000,11.958000
1315,1664949396.675279,228,256,0,256,115,0,0,29,256,8.192000,0.000000,12.127000
1316,1664949396.775279,231,256,0,256,123,0,0,25,256,8.440000,0.000000,12.285000
1317,1664949396.875279,232,256,0,256,124,0,0,25,256,8.130000,0.000000,12.088000
1318,1664949396.975279,228,256,0,256,118,0,0,29,256,8.343000,0.000000,12.447000
1319,1664949397.075279,239,256,0,256,124,0,0,18,256,8.239000,0.000000,11.922000
1320,1664949397.175279,238,256,0,256,131,0,0,21,256,8.433000,0.000000,12.346000
1321,1664949397.275279,230,256,0,256,133,0,0,27,256,8.374000,0.000000,12.175000
1322,1664949397.375279,226,256,0,256,135,0,0,33,256,8.277000,0.000000,12.035000
1323,1664949397.475279,234,256,0,256,128,0,0,24,256,8.499000,0.000000,12.431000
1324,1664949397.575279,238,256,0,256,143,0,0,20,256,8.322000,0.000000,12.327000
1325,1664949397.675279,233,256,0,256,138,0,0,24,256,8.164000,0.000000,12.246000
1326,1664949397.775279,223,256,0,256,134,0,0,35,256,8.316000,0.000000,12.175000
1327,1664949397.875279,238,256,0,256,128,0,0,19,256,8.445000,0.000000,12.337000
1328,1664949397.975279,234,256,0,256,126,0,0,23,256,8.011000,0.000000,11.951000
1329,1664949398.075270,229,256,0,256,139,0,0,30,256,8.166000,0.000000,12.068000
1330,1664949398.175259,232,256,0,256,127,0,0,27,256,8.144000,0.000000,12.196000
1331,1664949398.275250,237,256,0,256,121,0,0,21,256,8.510000,0.000000,12.489000
1332,1664949398.375243,243,256,0,256,112,0,0,16,256,8.302000,0.000000,12.200000
1333,1664949398.475238,236,256,0,256,121,0,0,21,256,8.212000,0.000000,12.029000
1334,1664949398.575234,235,256,0,256,126,0,0,23,256,8.624000,0.000000,12.499000
1335,1664949398.675230,231,256,0,256,123,0,0,27,256,8.060000,0.000000,12.020000
1336,1664949398.775228,244,256,0,256,133,0,0,15,256,8.224000,0.000000,11.825000
1337,1664949398.875226,249,256,0,256,135,0,0,9,256,8.434000,0.000000,12.304000
1338,1664949398.975223,248,256,0,256,121,0,0,8,256,8.151000,0.000000,12.027000
1339,1664949399.075222,247,256,0,256,136,0,0,10,256,7.680000,0.000000,11.372000
1340,1664949399.175221,236,256,0,256,138,0,0,21,256,8.166000,0.000000,11.958000
1341,1664949399.275221,234,256,0,256,132,0,0,23,256,8.300000,0.000000,12.578000
1342,1664949399.375221,248,256,0,256,128,0,0,10,256,8.262000,0.000000,12.069000
1343,1664949399.475221,233,256,0,256,117,0,0,23,256,8.224000,0.000000,12.195000
1344,1664949399.575222,243,256,0,256,120,0,0,16,256,8.228000,0.000000,12.295000
1345,1664949399.675222,242,256,0,256,125,0,0,17,256,8.303000,0.000000,12.279000
1346,1664949399.775222,241,256,0,256,115,0,0,18,256,7.673000,0.000000,11.404000
1347,1664949399.875222,237,256,0,256,121,0,0,20,256,8.405000,0.000000,12.281000
1348,1664949399.975222,228,256,0,256,116,0,0,29,256,8.378000,0.000000,12.066000
1349,1664949400.075222,237,256,0,256,117,0,0,22,256,8.068000,0.000000,11.869000
1350,1664949400.175222,221,256,0,256,112,0,0,35,256,8.145000,0.000000,12.187000
1351,1664949400.275222,236,256,0,256,107,0,0,22,256,8.068000,0.000000,12.651000
1352,1664949400.375222,237,256,0,256,119,0,0,19,256,8.316000,0.000000,12.424000
1353,1664949400.475222,217,256,0,256,134,0,0,39,256,8.402000,0.000000,12.186000
1354,1664949400.575222,236,256,0,256,116,0,0,22,256,8.401000,0.000000,12.298000
1355,1664949400.675222,227,256,0,256,114,0,0,31,256,8.390000,0.000000,12.338000
1356,1664949400.775222,233,256,0,256,125,0,0,27,256,8.486000,0.000000,12.301000
1357,1664949400.875222,234,256,0,256,126,0,0,22,256,8.026000,0.000000,11.751000
1358,1664949400.975222,228,256,0,256,130,0,0,31,256,8.267000,0.000000,12.115000
1359,1664949401.075222,225,256,0,256,121,0,0,36,256,8.154000,0.000000,11.956000
1360,1664949401.175222,230,256,0,256,120,0,0,28,256,8.504000,0.000000,12.577000
1361,1664949401.275222,224,256,0,256,121,0,0,33,256,8.422000,0.000000,12.441000
1362,1664949401.375222,219,256,0,256,117,0,0,39,256,8.168000,0.000000,12.325000
1363,1664949401.475222,234,256,0,256,124,0,0,23,256,8.079000,0.000000,12.624000
1364,1664949401.575222,239,256,0,256,126,0,0,18,256,8.291000,0.000000,12.201000
1365,1664949401.675222,244,256,0,256,119,0,0,15,256,8.143000,0.000000,12.085000
1366,1664949401.775222,244,256,0,256,109,0,0,12,256,9.226000,0.000000,13.505000
1367,1664949401.875222,240,256,0,256,125,0,0,19,256,9.686000,0.000000,13.867000
1368,1664949401.975222,239,256,0,256,116,0,0,19,256,8.854000,0.000000,13.070000
1369,1664949402.075222,235,256,0,256,115,0,0,25,256,8.416000,0.000000,12.107000
1370,1664949402.175222,239,256,0,256,113,0,0,22,256,8.309000,0.000000,12.363000
1371,1664949402.275222,221,256,0,256,109,0,0,38,256,8.227000,0.000000,12.116000
1372,1664949402.375222,227,256,0,256,113,0,0,32,256,8.265000,0.000000,12.135000
1373,1664949402.475222,235,256,0,256,106,0,0,22,256,8.621000,0.000000,12.617000
1374,1664949402.575222,229,256,0,256,101,0,0,31,256,8.381000,0.000000,12.541000
1375,1664949402.675222,213,256,0,256,94,0,0,46,256,8.285000,0.000000,12.118000
1376,1664949402.775222,214,256,0,256,93,0,0,45,256,8.326000,0.000000,12.339000
1377,1664949402.875222,225,256,0,256,98,0,0,34,256,8.150000,0.000000,11.938000
1378,1664949402.975222,207,256,0,256,107,0,0,49,256,7.942000,0.000000,12.196000
1379,1664949403.075222,208,256,0,256,103,0,0,52,256,8.181000,0.000000,12.467000
1380,1664949403.175222,215,256,0,256,95,0,0,43,256,8.420000,0.000000,12.442000
1381,1664949403.275222,225,256,0,256,90,0,0,34,256,8.572000,0.000000,12.859000
1382,1664949403.375222,219,256,0,256,94,0,0,37,256,8.400000,0.000000,12.710000
1383,1664949403.475222,208,256,0,256,101,0,0,48,256,8.133000,0.000000,12.292000
1384,1664949403.575222,207,256,0,256,93,0,0,50,256,8.249000,0.000000,12.257000
1385,1664949403.675222,204,256,0,256,117,0,0,54,256,8.250000,0.000000,12.271000
1386,1664949403.775222,211,256,0,256,118,0,0,46,256,8.296000,0.000000,12.638000
1387,1664949403.875222,217,256,0,256,107,0,0,40,256,8.423000,0.000000,12.649000
1388,1664949403.975222,225,256,0,256,116,0,0,32,256,8.367000,0.000000,12.521000
1389,1664949404.075222,231,256,0,256,127,0,0,26,256,8.505000,0.000000,12.568000
1390,1664949404.175222,237,256,0,256,128,0,0,19,256,8.387000,0.000000,12.585000
1391,1664949404.275222,223,256,0,256,135,0,0,37,256,8.163000,0.000000,12.113000
1392,1664949404.375222,223,256,0,256,151,0,0,35,256,8.286000,0.000000,12.135000
1393,1664949404.475222,237,256,0,256,147,0,0,20,256,8.251000,0.000000,12.450000
1394,1664949404.575222,237,256,0,256,162,0,0,20,256,8.355000,0.000000,12.260000
1395,1664949404.675222,237,256,0,256,152,0,0,20,256,8.385000,0.000000,12.202000
1396,1664949404.775222,230,256,0,256,157,0,0,26,256,8.977000,0.000000,13.200000
1397,1664949404.875222,222,256,0,256,154,0,0,34,256,8.388000,0.000000,12.569000
1398,1664949404.975222,236,256,0,256,158,0,0,22,256,8.141000,0.000000,12.590000
1399,1664949405.075222,241,256,0,256,143,0,0,15,256,8.122000,0.000000,11.831000
1400,1664949405.175222,235,256,0,256,138,0,0,22,256,8.136000,0.000000,12.117000
1401,1664949405.275222,222,256,0,256,152,0,0,34,256,8.050000,0.000000,12.284000
1402,1664949405.375222,229,256,0,256,149,0,0,29,256,8.367000,0.000000,12.303000
1403,1664949405.475222,235,256,0,256,160,0,0,22,256,8.502000,0.000000,12.216000
1404,1664949405.575222,240,256,0,256,159,0,0,16,256,8.094000,0.000000,12.425000
1405,1664949405.675222,235,256,0,256,161,0,0,22,256,7.862000,0.000000,11.840000
1406,1664949405.775222,227,256,0,256,163,0,0,29,256,8.206000,0.000000,12.069000
1407,1664949405.875222,220,256,0,256,155,0,0,36,256,8.191000,0.000000,12.168000
1408,1664949405.975222,219,256,0,256,155,0,0,38,256,8.192000,0.000000,11.806000
1409,1664949406.075222,215,256,0,256,161,0,0,41,256,8.565000,0.000000,13.040000
1410,1664949406.175222,224,256,0,256,171,0,0,32,256,8.498000,0.000000,12.928000
1411,1664949406.275222,217,256,0,256,177,0,0,39,256,8.327000,0.000000,12.082000
1412,1664949406.375222,223,256,0,256,172,0,0,36,256,8.272000,0.000000,12.354000
1413,1664949406.475222,230,256,0,256,173,0,0,28,256,8.544000,0.000000,12.728000
1414,1664949406.575222,236,256,0,256,182,0,0,21,256,8.404000,0.000000,12.873000
1415,1664949406.675222,234,256,0,256,183,0,0,23,256,8.608000,0.000000,13.043000
1416,1664949406.775222,241,256,0,256,191,0,0,17,256,8.380000,0.000000,12.930000
1417,1664949406.875222,244,256,0,256,190,0,0,13,256,8.085000,0.000000,11.890000
1418,1664949406.975222,239,256,0,256,185,0,0,18,256,8.267000,0.000000,13.143000
1419,1664949407.075222,235,256,0,256,198,0,0,21,256,8.368000,0.000000,12.647000
1420,1664949407.175222,233,256,0,256,199,0,0,23,256,8.641000,0.000000,13.159000
1421,1664949407.275222,234,256,0,256,207,0,0,22,256,8.431000,0.000000,11.976000
1422,1664949407.375222,237,256,0,256,207,0,0,19,256,8.550000,0.000000,14.432000
1423,1664949407.475222,239,256,0,256,216,0,0,18,256,8.394000,0.000000,12.655000
1424,1664949407.575222,229,256,0,256,223,0,0,27,256,8.494000,0.000000,12.175000
1425,1664949407.675222,244,256,0,256,220,0,0,12,256,8.372000,0.000000,12.123000
1426,1664949407.775222,242,256,0,256,224,0,0,14,256,8.145000,0.000000,11.736000
1427,1664949407.875222,242,256,0,256,223,0,0,15,256,8.428000,0.000000,12.041000
1428,1664949407.975222,248,256,0,256,217,0,0,9,256,8.283000,0.000000,11.982000
1429,1664949408.075222,244,256,0,256,212,0,0,14,256,8.049000,0.000000,11.652000
1430,1664949408.175222,247,256,0,256,217,0,0,9,256,8.246000,0.000000,11.549000
1431,1664949408.275222,244,256,0,256,202,0,0,13,256,8.108000,0.000000,11.697000
1432,1664949408.375220,243,256,0,256,196,0,0,14,256,8.224000,0.000000,11.741000
1433,1664949408.475209,243,256,0,256,207,0,0,15,256,7.986000,0.000000,11.509000
1434,1664949408.575202,241,256,0,256,218,0,0,15,256,8.026000,0.000000,11.532000
1435,1664949408.675195,246,256,0,256,219,0,0,11,256,8.179000,0.000000,11.742000
1436,1664949408.775189,252,256,0,256,221,0,0,4,256,7.866000,0.000000,11.514000
1437,1664949408.875184,252,256,0,256,216,0,0,4,256,8.180000,0.000000,11.851000
1438,1664949408.975180,250,256,0,256,218,0,0,7,256,8.418000,0.000000,12.644000
1439,1664949409.075177,246,256,0,256,228,0,0,10,256,8.087000,0.000000,11.654000
1440,1664949409.175174,245,256,0,256,216,0,0,13,256,8.040000,0.000000,11.529000
1441,1664949409.275172,246,256,0,256,220,0,0,12,256,8.132000,0.000000,11.485000
1442,1664949409.375170,245,256,0,256,217,0,0,12,256,8.094000,0.000000,11.450000
1443,1664949409.475167,248,256,0,256,220,0,0,9,256,8.524000,0.000000,11.762000
1444,1664949409.575165,244,256,0,256,214,0,0,14,256,8.238000,0.000000,11.363000
1445,1664949409.675163,237,256,0,256,213,0,0,20,256,8.426000,0.000000,11.761000
1446,1664949409.775162,240,256,0,256,218,0,0,17,256,8.386000,0.000000,12.214000
1447,1664949409.875161,239,256,0,256,217,0,0,18,256,8.303000,0.000000,11.851000
1448,1664949409.975162,225,256,0,256,214,0,0,32,256,8.241000,0.000000,11.556000
1449,1664949410.075162,247,256,0,256,216,0,0,10,256,8.087000,0.000000,11.800000
1450,1664949410.175163,247,256,0,256,215,0,0,10,256,8.503000,0.000000,11.900000
1451,1664949410.275164,249,256,0,256,219,0,0,9,256,8.481000,0.000000,12.688000
1452,1664949410.375165,243,256,0,256,218,0,0,14,256,8.516000,0.000000,11.868000
1453,1664949410.475165,244,256,0,256,210,0,0,12,256,8.105000,0.000000,11.456000
1454,1664949410.575165,250,256,0,256,213,0,0,7,256,8.553000,0.000000,12.079000
1455,1664949410.675165,247,256,0,256,216,0,0,11,256,8.274000,0.000000,11.601000
1456,1664949410.775165,252,256,0,256,207,0,0,4,256,8.438000,0.000000,12.145000
1457,1664949410.875165,255,256,0,256,207,0,0,2,256,8.187000,0.000000,11.654000
1458,1664949410.975165,251,256,0,256,196,0,0,7,256,8.142000,0.000000,11.818000
1459,1664949411.075165,247,256,0,256,209,0,0,10,256,8.132000,0.000000,11.915000
1460,1664949411.175165,244,256,0,256,192,0,0,14,256,8.439000,0.000000,11.959000
1461,1664949411.275165,246,256,0,256,197,0,0,10,256,8.147000,0.000000,11.779000
1462,1664949411.375165,241,256,0,256,191,0,0,16,256,8.442000,0.000000,12.244000
1463,1664949411.475165,246,256,0,256,190,0,0,12,256,8.320000,0.000000,12.187000
1464,1664949411.575165,246,256,0,256,172,0,0,10,256,8.246000,0.000000,11.992000
1465,1664949411.675165,248,256,0,256,172,0,0,14,256,8.333000,0.000000,12.104000
1466,1664949411.775165,234,256,0,256,178,0,0,23,256,8.295000,0.000000,11.976000
1467,1664949411.875165,236,256,0,256,175,0,0,21,256,8.585000,0.000000,12.411000
1468,1664949411.975165,233,256,0,256,164,0,0,24,256,8.482000,0.000000,12.042000
1469,1664949412.075165,210,256,0,256,170,0,0,49,256,8.289000,0.000000,11.898000
1470,1664949412.175165,225,256,0,256,176,0,0,31,256,8.132000,0.000000,11.940000
1471,1664949412.275169,238,256,0,256,166,0,0,21,256,8.165000,0.000000,11.937000
1472,1664949412.375179,236,256,0,256,173,0,0,21,256,8.041000,0.000000,11.784000
1473,1664949412.475188,239,256,0,256,181,0,0,17,256,8.241000,0.000000,11.820000
1474,1664949412.575195,236,256,0,256,171,0,0,21,256,8.225000,0.000000,12.156000
1475,1664949412.675200,233,256,0,256,172,0,0,24,256,8.348000,0.000000,12.440000
1476,1664949412.775204,246,256,0,256,176,0,0,10,256,8.254000,0.000000,12.379000
1477,1664949412.875208,244,256,0,256,167,0,0,13,256,8.157000,0.000000,11.934000
1478,1664949412.975210,243,256,0,256,180,0,0,16,256,8.017000,0.000000,11.821000
1479,1664949413.075212,236,256,0,256,171,0,0,21,256,8.314000,0.000000,11.981000
1480,1664949413.175213,237,256,0,256,166,0,0,19,256,8.562000,0.000000,12.289000
1481,1664949413.275214,233,256,0,256,161,0,0,23,256,8.316000,0.000000,12.056000
1482,1664949413.375215,227,256,0,256,153,0,0,30,256,8.325000,0.000000,12.205000
1483,1664949413.475215,242,256,0,256,149,0,0,14,256,8.577000,0.000000,12.709000
1484,1664949413.575216,231,256,0,256,155,0,0,27,256,8.295000,0.000000,12.013000
1485,1664949413.675216,229,256,0,256,164,0,0,28,256,8.099000,0.000000,11.922000
1486,1664949413.775216,229,256,0,256,147,0,0,27,256,8.157000,0.000000,12.001000
1487,1664949413.875216,225,256,0,256,147,0,0,33,256,8.153000,0.000000,12.012000
1488,1664949413.975215,227,256,0,256,146,0,0,30,256,8.200000,0.000000,11.952000
1489,1664949414.075215,224,256,0,256,150,0,0,33,256,8.038000,0.000000,11.984000
1490,1664949414.175214,232,256,0,256,151,0,0,25,256,8.131000,0.000000,11.971000
1491,1664949414.275213,212,256,0,256,154,0,0,45,256,8.069000,0.000000,11.782000
1492,1664949414.375213,224,256,0,256,153,0,0,34,256,8.266000,0.000000,12.164000
1493,1664949414.475213,215,256,0,256,148,0,0,42,256,8.223000,0.000000,12.062000
1494,1664949414.575213,225,256,0,256,156,0,0,32,256,8.261000,0.000000,11.796000
1495,1664949414.675213,233,256,0,256,159,0,0,25,256,8.159000,0.000000,11.912000
1496,1664949414.775213,233,256,0,256,171,0,0,23,256,8.163000,0.000000,11.794000
1497,1664949414.875213,234,256,0,256,168,0,0,22,256,8.153000,0.000000,11.708000
1498,1664949414.975213,238,256,0,256,171,0,0,19,256,8.258000,0.000000,12.097000
1499,1664949415.075213,233,256,0,256,180,0,0,23,256,8.308000,0.000000,12.143000
1500,1664949415.175213,227,256,0,256,174,0,0,29,256,8.092000,0.000000,11.947000
1501,1664949415.275213,236,256,0,256,173,0,0,21,256,8.134000,0.000000,11.714000
1502,1664949415.375213,241,256,0,256,170,0,0,19,256,8.079000,0.000000,11.754000
1503,1664949415.475213,242,256,0,256,173,0,0,14,256,8.320000,0.000000,11.901000
1504,1664949415.575213,239,256,0,256,176,0,0,18,256,8.404000,0.000000,12.090000
1505,1664949415.675213,244,256,0,256,188,0,0,13,256,8.385000,0.000000,11.958000
1506,1664949415.775213,243,256,0,256,186,0,0,15,256,8.109000,0.000000,11.935000
1507,1664949415.875213,241,256,0,256,180,0,0,17,256,8.213000,0.000000,11.840000
1508,1664949415.975213,244,256,0,256,173,0,0,13,256,8.329000,0.000000,12.239000
1509,1664949416.075213,247,256,0,256,180,0,0,9,256,8.515000,0.000000,12.280000
1510,1664949416.175213,242,256,0,256,173,0,0,16,256,8.077000,0.000000,11.867000
1511,1664949416.275213,240,256,0,256,173,0,0,17,256,8.213000,0.000000,12.144000
1512,1664949416.375213,235,256,0,256,171,0,0,22,256,8.370000,0.000000,12.113000
1513,1664949416.475213,237,256,0,256,166,0,0,19,256,8.159000,0.000000,11.732000
1514,1664949416.575213,235,256,0,256,168,0,0,23,256,8.305000,0.000000,12.077000
1515,1664949416.675213,240,256,0,256,166,0,0,16,256,8.192000,0.000000,12.145000
1516,1664949416.775213,242,256,0,256,170,0,0,14,256,8.411000,0.000000,11.937000
1517,1664949416.875213,237,256,0,256,170,0,0,23,256,8.075000,0.000000,11.714000
1518,1664949416.975213,234,256,0,256,175,0,0,23,256,8.072000,0.000000,11.928000
1519,1664949417.075213,232,256,0,256,169,0,0,28,256,8.127000,0.000000,11.764000
1520,1664949417.175213,230,256,0,256,168,0,0,29,256,8.308000,0.000000,12.031000
1521,1664949417.275213,227,256,0,256,171,0,0,30,256,8.521000,0.000000,12.114000
1522,1664949417.375213,218,256,0,256,169,0,0,38,256,8.308000,0.000000,12.227000
1523,1664949417.475213,231,256,0,256,171,0,0,28,256,8.376000,0.000000,12.337000
1524,1664949417.575213,234,256,0,256,168,0,0,23,256,8.362000,0.000000,12.042000
1525,1664949417.675213,231,256,0,256,168,0,0,27,256,8.073000,0.000000,11.665000
1526,1664949417.775213,224,256,0,256,171,0,0,35,256,8.148000,0.000000,11.970000
1527,1664949417.875213,227,256,0,256,165,0,0,30,256,8.305000,0.000000,12.140000
1528,1664949417.975213,238,256,0,256,176,0,0,21,256,8.185000,0.000000,12.027000
1529,1664949418.075213,240,256,0,256,164,0,0,19,256,8.164000,0.000000,11.815000
1530,1664949418.175213,228,256,0,256,164,0,0,30,256,8.095000,0.000000,11.765000
1531,1664949418.275213,227,256,0,256,155,0,0,29,256,8.237000,0.000000,12.090000
1532,1664949418.375213,229,256,0,256,150,0,0,28,256,8.147000,0.000000,11.898000
1533,1664949418.475213,230,256,0,256,161,0,0,26,256,8.118000,0.000000,11.835000
1534,1664949418.575213,236,256,0,256,154,0,0,21,256,8.263000,0.000000,12.222000
1535,1664949418.675213,234,256,0,256,170,0,0,23,256,8.379000,0.000000,12.252000
1536,1664949418.775213,227,256,0,256,157,0,0,30,256,8.071000,0.000000,11.863000
1537,1664949418.875213,230,256,0,256,151,0,0,26,256,8.200000,0.000000,11.872000
1538,1664949418.975213,218,256,0,256,169,0,0,40,256,8.363000,0.000000,13.606000
1539,1664949419.075213,221,256,0,256,165,0,0,37,256,8.667000,0.000000,14.123000
1540,1664949419.175213,226,256,0,256,148,0,0,32,256,8.262000,0.000000,12.610000
1541,1664949419.275213,213,256,0,256,157,0,0,46,256,8.071000,0.000000,11.962000
1542,1664949419.375213,217,256,0,256,159,0,0,42,256,8.368000,0.000000,11.802000
1543,1664949419.475213,223,256,0,256,152,0,0,34,256,8.133000,0.000000,11.963000
1544,1664949419.575213,206,256,0,256,163,0,0,50,256,8.215000,0.000000,11.792000
1545,1664949419.675213,214,256,0,256,164,0,0,42,256,8.294000,0.000000,11.973000
1546,1664949419.775213,220,256,0,256,157,0,0,39,256,8.023000,0.000000,11.649000
1547,1664949419.875213,220,256,0,256,166,0,0,36,256,8.265000,0.000000,11.971000
1548,1664949419.975213,233,256,0,256,180,0,0,23,256,7.816000,0.000000,11.234000
1549,1664949420.075213,230,256,0,256,168,0,0,26,256,8.151000,0.000000,11.735000
1550,1664949420.175213,241,256,0,256,166,0,0,17,256,8.235000,0.000000,11.699000
1551,1664949420.275213,244,256,0,256,167,0,0,12,256,8.249000,0.000000,11.819000
1552,1664949420.375213,245,256,0,256,168,0,0,11,256,8.134000,0.000000,11.630000
1553,1664949420.475213,246,256,0,256,165,0,0,10,256,8.241000,0.000000,11.956000
1554,1664949420.575213,249,256,0,256,171,0,0,9,256,8.019000,0.000000,11.790000
1555,1664949420.675213,249,256,0,256,170,0,0,8,256,8.311000,0.000000,11.885000
1556,1664949420.775213,247,256,0,256,162,0,0,9,256,8.099000,0.000000,11.567000
1557,1664949420.875213,248,256,0,256,164,0,0,9,256,8.272000,0.000000,11.891000
1558,1664949420.975213,245,256,0,256,164,0,0,12,256,8.334000,0.000000,11.899000
1559,1664949421.075213,234,256,0,256,167,0,0,23,256,8.994000,0.000000,12.496000
1560,1664949421.175213,241,256,0,256,165,0,0,17,256,8.926000,0.000000,12.678000
1561,1664949421.275213,246,256,0,256,158,0,0,10,256,8.402000,0.000000,11.946000
1562,1664949421.375213,250,256,0,256,161,0,0,7,256,8.252000,0.000000,11.809000
1563,1664949421.475213,243,256,0,256,153,0,0,14,256,8.066000,0.000000,11.794000
1564,1664949421.575213,244,256,0,256,149,0,0,16,256,8.563000,0.000000,12.047000
1565,1664949421.675213,237,256,0,256,147,0,0,20,256,8.564000,0.000000,12.082000
1566,1664949421.775213,217,256,0,256,152,0,0,39,256,8.335000,0.000000,12.152000
1567,1664949421.875213,227,256,0,256,148,0,0,29,256,8.730000,0.000000,12.534000
1568,1664949421.975213,245,256,0,256,148,0,0,13,256,8.331000,0.000000,13.407000
1569,1664949422.075213,234,256,0,256,152,0,0,25,256,8.186000,0.000000,11.741000
1570,1664949422.175213,244,256,0,256,148,0,0,14,256,8.029000,0.000000,11.480000
1571,1664949422.275213,243,256,0,256,164,0,0,14,256,8.351000,0.000000,12.066000
1572,1664949422.375213,244,256,0,256,168,0,0,14,256,8.237000,0.000000,11.860000
1573,1664949422.475213,243,256,0,256,160,0,0,16,256,8.353000,0.000000,11.924000
1574,1664949422.575213,241,256,0,256,167,0,0,17,256,8.016000,0.000000,11.792000
1575,1664949422.675213,239,256,0,256,178,0,0,20,256,8.023000,0.000000,11.768000
1576,1664949422.775213,250,256,0,256,183,0,0,8,256,8.240000,0.000000,11.982000
1577,1664949422.875213,249,256,0,256,185,0,0,8,256,8.057000,0.000000,11.439000
1578,1664949422.975213,250,256,0,256,187,0,0,7,256,8.337000,0.000000,11.927000
1579,1664949423.075213,241,256,0,256,192,0,0,16,256,8.337000,0.000000,11.949000
1580,1664949423.175213,248,256,0,256,193,0,0,11,256,9.530000,0.000000,13.221000
1581,1664949423.275213,237,256,0,256,193,0,0,21,256,9.679000,0.000000,13.471000
1582,1664949423.375213,244,256,0,256,192,0,0,14,256,8.706000,0.000000,12.481000
1583,1664949423.475213,243,256,0,256,189,0,0,14,256,8.299000,0.000000,11.929000
1584,1664949423.575213,243,256,0,256,181,0,0,15,256,7.996000,0.000000,11.569000
1585,1664949423.675213,241,256,0,256,185,0,0,17,256,8.151000,0.000000,11.790000
1586,1664949423.775213,247,256,0,256,181,0,0,10,256,9.471000,0.000000,13.670000
1587,1664949423.875213,250,256,0,256,166,0,0,8,256,9.422000,0.000000,13.342000
1588,1664949423.975213,230,256,0,256,170,0,0,30,256,8.345000,0.000000,12.008000
1589,1664949424.075213,240,256,0,256,173,0,0,18,256,8.499000,0.000000,12.307000
1590,1664949424.175213,236,256,0,256,162,0,0,24,256,8.004000,0.000000,11.803000
1591,1664949424.275213,234,256,0,256,155,0,0,25,256,9.113000,0.000000,13.793000
1592,1664949424.375213,236,256,0,256,148,0,0,22,256,9.799000,0.000000,14.111000
1593,1664949424.475213,216,256,0,256,154,0,0,44,256,8.213000,0.000000,12.156000
1594,1664949424.575213,236,256,0,256,164,0,0,24,256,8.484000,0.000000,12.226000
1595,1664949424.675213,235,256,0,256,162,0,0,24,256,8.356000,0.000000,12.379000
1596,1664949424.775213,230,256,0,256,161,0,0,28,256,8.213000,0.000000,12.725000
1597,1664949424.875213,232,256,0,256,154,0,0,25,256,8.139000,0.000000,12.244000
1598,1664949424.975213,226,256,0,256,152,0,0,32,256,8.187000,0.000000,11.936000
1599,1664949425.075213,238,256,0,256,157,0,0,19,256,8.262000,0.000000,11.691000
1600,1664949425.175213,239,256,0,256,154,0,0,24,256,8.236000,0.000000,12.152000
1601,1664949425.275213,224,256,0,256,145,0,0,33,256,8.108000,0.000000,11.646000
1602,1664949425.375213,225,256,0,256,151,0,0,35,256,9.758000,0.000000,14.152000
1603,1664949425.475213,222,256,0,256,132,0,0,35,256,9.038000,0.000000,14.223000
1604,1664949425.575213,198,256,0,256,152,0,0,60,256,9.670000,0.000000,14.514000
1605,1664949425.675213,164,256,0,256,123,0,0,93,256,8.361000,0.000000,12.254000
1606,1664949425.775213,182,256,0,256,142,0,0,79,256,8.643000,0.000000,12.473000
1607,1664949425.875213,215,256,0,256,132,0,0,44,256,8.331000,0.000000,11.780000
1608,1664949425.975213,221,256,0,256,136,0,0,38,256,8.115000,0.000000,11.554000
1609,1664949426.075213,224,256,0,256,137,0,0,37,256,8.267000,0.000000,11.937000
1610,1664949426.175213,222,256,0,256,137,0,0,35,256,9.831000,0.000000,13.840000
1611,1664949426.275213,216,256,0,256,136,0,0,41,256,9.148000,0.000000,13.706000
1612,1664949426.375213,232,256,0,256,145,0,0,25,256,8.639000,0.000000,12.456000
1613,1664949426.475213,229,256,0,256,131,0,0,29,256,8.502000,0.000000,12.431000
1614,1664949426.575213,238,256,0,256,140,0,0,19,256,8.052000,0.000000,11.578000
1615,1664949426.675213,235,256,0,256,142,0,0,24,256,8.281000,0.000000,11.877000
1616,1664949426.775213,234,256,0,256,150,0,0,27,256,8.375000,0.000000,12.355000
1617,1664949426.875213,233,256,0,256,155,0,0,27,256,8.538000,0.000000,12.427000
1618,1664949426.975213,249,256,0,256,165,0,0,9,256,8.298000,0.000000,12.042000
1619,1664949427.075213,250,256,0,256,159,0,0,9,256,8.276000,0.000000,11.935000
1620,1664949427.175213,247,256,0,256,156,0,0,11,256,8.230000,0.000000,13.292000
1621,1664949427.275213,248,256,0,256,157,0,0,8,256,9.029000,0.000000,13.490000
1622,1664949427.375213,249,256,0,256,154,0,0,7,256,8.506000,0.000000,12.477000
1623,1664949427.475213,248,256,0,256,163,0,0,10,256,8.433000,0.000000,12.245000
1624,1664949427.575213,248,256,0,256,154,0,0,12,256,8.137000,0.000000,12.708000
1625,1664949427.675213,246,256,0,256,150,0,0,10,256,8.234000,0.000000,12.205000
1626,1664949427.775213,249,256,0,256,149,0,0,8,256,8.060000,0.000000,11.733000
1627,1664949427.875213,244,256,0,256,149,0,0,13,256,8.206000,0.000000,11.955000
1628,1664949427.975213,250,256,0,256,138,0,0,6,256,8.887000,0.000000,12.720000
1629,1664949428.075213,247,256,0,256,146,0,0,9,256,8.352000,0.000000,12.234000
1630,1664949428.175213,250,256,0,256,145,0,0,8,256,8.444000,0.000000,11.988000
1631,1664949428.275213,248,256,0,256,141,0,0,8,256,8.304000,0.000000,11.911000
1632,1664949428.375213,246,256,0,256,146,0,0,13,256,8.333000,0.000000,12.464000
1633,1664949428.475213,245,256,0,256,141,0,0,14,256,8.266000,0.000000,11.990000
1634,1664949428.575213,242,256,0,256,149,0,0,16,256,8.328000,0.000000,12.323000
1635,1664949428.675213,239,256,0,256,133,0,0,18,256,8.314000,0.000000,12.251000
1636,1664949428.775213,239,256,0,256,128,0,0,19,256,8.503000,0.000000,12.857000
1637,1664949428.875213,236,256,0,256,122,0,0,20,256,8.452000,0.000000,12.319000
1638,1664949428.975213,247,256,0,256,118,0,0,11,256,8.295000,0.000000,12.128000
1639,1664949429.075213,218,256,0,256,110,0,0,39,256,8.277000,0.000000,13.159000
1640,1664949429.175213,222,256,0,256,103,0,0,37,256,8.300000,0.000000,12.451000
1641,1664949429.275213,220,256,0,256,106,0,0,39,256,8.363000,0.000000,12.519000
1642,1664949429.375213,230,256,0,256,87,0,0,27,256,8.741000,0.000000,12.891000
1643,1664949429.475213,235,256,0,256,88,0,0,22,256,9.004000,0.000000,13.297000
1644,1664949429.575213,223,256,0,256,79,0,0,34,256,8.606000,0.000000,12.991000
1645,1664949429.675213,225,256,0,256,74,0,0,33,256,8.231000,0.000000,12.831000
1646,1664949429.775213,222,256,0,256,77,0,0,35,256,8.319000,0.000000,13.531000
1647,1664949429.875213,229,256,0,256,74,0,0,28,256,8.388000,0.000000,14.569000
1648,1664949429.975213,217,256,0,256,83,0,0,41,256,7.977000,0.000000,14.571000
1649,1664949430.075213,223,256,0,256,81,0,0,36,256,8.560000,0.000000,14.777000
1650,1664949430.175213,228,256,0,256,81,0,0,34,256,8.582000,0.000000,15.421000
1651,1664949430.275213,216,256,0,256,79,0,0,43,256,8.388000,0.000000,14.612000
1652,1664949430.375213,215,256,0,256,82,0,0,43,256,8.159000,0.000000,14.643000
1653,1664949430.475213,205,256,0,256,70,0,0,55,256,8.416000,0.000000,15.692000
1654,1664949430.575213,224,256,0,256,69,0,0,33,256,9.064000,0.000000,17.282000
1655,1664949430.675213,227,256,0,256,82,0,0,30,256,8.825000,0.000000,15.207000
1656,1664949430.775213,231,256,0,256,78,0,0,28,256,8.683000,0.000000,16.158000
1657,1664949430.875213,239,256,0,256,75,0,0,17,256,8.590000,0.000000,13.525000
1658,1664949430.975213,231,256,0,256,82,0,0,28,256,8.342000,0.000000,13.285000
1659,1664949431.075213,235,256,0,256,82,0,0,24,256,8.380000,0.000000,13.149000
1660,1664949431.175213,222,256,0,256,73,0,0,34,256,8.266000,0.000000,12.259000
1661,1664949431.275213,218,256,0,256,76,0,0,39,256,8.230000,0.000000,12.339000
1662,1664949431.375213,224,256,0,256,87,0,0,35,256,8.565000,0.000000,12.830000
1663,1664949431.475213,221,256,0,256,74,0,0,37,256,8.197000,0.000000,12.113000
1664,1664949431.575213,226,256,0,256,75,0,0,34,256,8.258000,0.000000,12.536000
1665,1664949431.675213,221,256,0,256,67,0,0,40,256,8.034000,0.000000,11.841000
1666,1664949431.775213,211,256,0,256,62,0,0,47,256,8.181000,0.000000,11.944000
1667,1664949431.875213,220,256,0,256,66,0,0,39,256,8.302000,0.000000,12.323000
1668,1664949431.975213,204,256,0,256,57,0,0,53,256,8.174000,0.000000,12.254000
1669,1664949432.075213,209,256,0,256,59,0,0,51,256,8.078000,0.000000,12.282000
1670,1664949432.175213,222,256,0,256,50,0,0,34,256,8.346000,0.000000,12.487000
1671,1664949432.275213,238,256,0,256,52,0,0,21,256,8.527000,0.000000,12.574000
1672,1664949432.375213,240,256,0,256,51,0,0,18,256,8.304000,0.000000,12.814000
1673,1664949432.475213,239,256,0,256,50,0,0,19,256,8.469000,0.000000,12.705000
1674,1664949432.575213,238,256,0,256,55,0,0,19,256,8.243000,0.000000,13.428000
1675,1664949432.675213,232,256,0,256,47,0,0,24,256,8.083000,0.000000,12.535000
1676,1664949432.775213,247,256,0,256,52,0,0,12,256,9.175000,0.000000,13.414000
1677,1664949432.875213,240,256,0,256,43,0,0,19,256,8.875000,0.000000,13.185000
1678,1664949432.975213,244,256,0,256,47,0,0,15,256,8.139000,0.000000,12.618000
1679,1664949433.075213,253,256,0,256,50,0,0,7,256,8.050000,0.000000,12.517000
1680,1664949433.175213,248,256,0,256,52,0,0,9,256,8.663000,0.000000,13.300000
1681,1664949433.275213,253,256,0,256,52,0,0,3,256,9.208000,0.000000,14.148000
1682,1664949433.375213,255,256,0,256,46,0,0,2,256,8.240000,0.000000,12.427000
1683,1664949433.475213,256,256,0,256,52,0,0,0,256,8.244000,0.000000,12.409000
1684,1664949433.575213,255,256,0,256,52,0,0,1,256,8.461000,0.000000,13.313000
1685,1664949433.675213,252,256,0,256,55,0,0,6,256,8.582000,0.000000,13.099000
1686,1664949433.775213,244,256,0,256,53,0,0,12,256,8.259000,0.000000,12.359000
1687,1664949433.875213,250,256,0,256,55,0,0,7,256,8.290000,0.000000,12.396000
1688,1664949433.975213,246,256,0,256,58,0,0,12,256,8.278000,0.000000,12.789000
1689,1664949434.075213,233,256,0,256,59,0,0,25,256,8.334000,0.000000,12.610000
1690,1664949434.175213,248,256,0,256,60,0,0,9,256,8.349000,0.000000,12.721000
1691,1664949434.275213,253,256,0,256,60,0,0,4,256,9.269000,0.000000,15.687000
1692,1664949434.375213,255,256,0,256,52,0,0,1,256,8.476000,0.000000,13.631000
1693,1664949434.475213,253,256,0,256,50,0,0,3,256,8.983000,0.000000,13.974000
1694,1664949434.575227,239,256,0,256,51,0,0,18,256,8.312000,0.000000,12.800000
1695,1664949434.675236,253,256,0,256,42,0,0,3,256,8.406000,0.000000,12.590000
1696,1664949434.775246,157,256,0,256,49,0,0,100,256,8.667000,0.000000,14.341000
1697,1664949434.875257,151,256,0,256,53,0,0,106,256,8.261000,0.000000,12.957000
1698,1664949434.975267,181,256,0,256,46,0,0,79,256,8.361000,0.000000,12.756000
1699,1664949435.075275,236,256,0,256,46,0,0,21,256,8.317000,0.000000,12.601000
1700,1664949435.175281,238,256,0,256,48,0,0,19,256,8.307000,0.000000,12.795000
1701,1664949435.275286,227,256,0,256,50,0,0,31,256,8.023000,0.000000,12.408000
1702,1664949435.375291,234,256,0,256,47,0,0,25,256,8.312000,0.000000,12.933000
1703,1664949435.475295,242,256,0,256,44,0,0,18,256,8.354000,0.000000,12.648000
1704,1664949435.575298,232,256,0,256,49,0,0,24,256,8.555000,0.000000,13.217000
1705,1664949435.675300,248,256,0,256,48,0,0,9,256,8.202000,0.000000,12.569000
1706,1664949435.775303,248,256,0,256,52,0,0,9,256,8.385000,0.000000,12.876000
1707,1664949435.875306,242,256,0,256,58,0,0,19,256,8.212000,0.000000,12.438000
1708,1664949435.975308,234,256,0,256,48,0,0,25,256,8.339000,0.000000,12.510000
1709,1664949436.075311,189,256,0,256,46,0,0,69,256,8.275000,0.000000,13.022000
1710,1664949436.175316,227,256,0,256,45,0,0,31,256,8.588000,0.000000,12.993000
1711,1664949436.275319,191,256,0,256,51,0,0,65,256,8.299000,0.000000,12.780000
1712,1664949436.375319,165,256,0,256,54,0,0,92,256,8.297000,0.000000,13.175000
1713,1664949436.475315,196,256,0,256,56,0,0,61,256,8.282000,0.000000,12.896000
1714,1664949436.575314,199,256,0,256,65,0,0,59,256,8.224000,0.000000,12.559000
1715,1664949436.675314,215,256,0,256,67,0,0,43,256,8.620000,0.000000,12.860000
1716,1664949436.775314,231,256,0,256,67,0,0,28,256,8.563000,0.000000,13.674000
1717,1664949436.875314,240,256,0,256,67,0,0,17,256,8.094000,0.000000,12.036000
1718,1664949436.975314,246,256,0,256,70,0,0,12,256,8.281000,0.000000,12.333000
1719,1664949437.075314,247,256,0,256,73,0,0,11,256,8.365000,0.000000,12.455000
1720,1664949437.175314,253,256,0,256,74,0,0,7,256,8.538000,0.000000,12.355000
1721,1664949437.275314,242,256,0,256,78,0,0,15,256,8.214000,0.000000,12.268000
1722,1664949437.375314,225,256,0,256,84,0,0,34,256,8.295000,0.000000,12.492000
1723,1664949437.475314,220,256,0,256,80,0,0,37,256,8.214000,0.000000,12.434000
1724,1664949437.575314,210,256,0,256,80,0,0,48,256,8.409000,0.000000,12.600000
1725,1664949437.675314,208,256,0,256,69,0,0,49,256,8.337000,0.000000,12.419000
1726,1664949437.775314,224,256,0,256,83,0,0,34,256,8.223000,0.000000,12.350000
1727,1664949437.875314,220,256,0,256,77,0,0,39,256,8.126000,0.000000,12.059000
1728,1664949437.975314,227,256,0,256,78,0,0,31,256,8.280000,0.000000,12.326000
1729,1664949438.075314,228,256,0,256,80,0,0,29,256,8.554000,0.000000,12.572000
1730,1664949438.175314,226,256,0,256,92,0,0,34,256,8.529000,0.000000,12.778000
1731,1664949438.275314,220,256,0,256,92,0,0,38,256,8.572000,0.000000,12.743000
1732,1664949438.375314,232,256,0,256,88,0,0,27,256,8.068000,0.000000,12.214000
1733,1664949438.475314,215,256,0,256,85,0,0,45,256,8.322000,0.000000,12.511000
1734,1664949438.575314,206,256,0,256,67,0,0,51,256,8.305000,0.000000,12.810000
1735,1664949438.675314,200,256,0,256,63,0,0,57,256,8.311000,0.000000,12.575000
1736,1664949438.775314,203,256,0,256,60,0,0,53,256,8.398000,0.000000,13.764000
1737,1664949438.875314,194,256,0,256,49,0,0,65,256,8.297000,0.000000,12.874000
1738,1664949438.975314,197,256,0,256,55,0,0,61,256,8.052000,0.000000,12.492000
1739,1664949439.075314,207,256,0,256,46,0,0,51,256,8.321000,0.000000,12.597000
1740,1664949439.175314,199,256,0,256,54,0,0,58,256,8.305000,0.000000,12.543000
1741,1664949439.275314,206,256,0,256,55,0,0,55,256,8.263000,0.000000,12.751000
1742,1664949439.375314,205,256,0,256,63,0,0,54,256,8.322000,0.000000,12.775000
1743,1664949439.475314,207,256,0,256,57,0,0,50,256,8.356000,0.000000,12.783000
1744,1664949439.575314,210,256,0,256,56,0,0,48,256,9.525000,0.000000,14.074000
1745,1664949439.675314,208,256,0,256,60,0,0,50,256,9.571000,0.000000,14.542000
1746,1664949439.775314,218,256,0,256,59,0,0,39,256,9.516000,0.000000,14.373000
1747,1664949439.875314,207,256,0,256,52,0,0,51,256,9.086000,0.000000,13.236000
1748,1664949439.975314,209,256,0,256,61,0,0,47,256,8.239000,0.000000,12.795000
1749,1664949440.075314,210,256,0,256,64,0,0,47,256,8.319000,0.000000,12.786000
1750,1664949440.175314,209,256,0,256,82,0,0,50,256,8.243000,0.000000,12.264000
1751,1664949440.275314,203,256,0,256,87,0,0,56,256,8.276000,0.000000,12.903000
1752,1664949440.375314,211,256,0,256,88,0,0,45,256,8.214000,0.000000,13.054000
1753,1664949440.475314,207,256,0,256,92,0,0,49,256,8.314000,0.000000,12.455000
1754,1664949440.575314,211,256,0,256,103,0,0,49,256,7.912000,0.000000,11.955000
1755,1664949440.675314,217,256,0,256,97,0,0,40,256,8.411000,0.000000,12.464000
1756,1664949440.775314,220,256,0,256,117,0,0,36,256,8.320000,0.000000,12.533000
1757,1664949440.875314,233,256,0,256,116,0,0,24,256,8.662000,0.000000,12.747000
1758,1664949440.975314,227,256,0,256,131,0,0,31,256,8.372000,0.000000,12.478000
1759,1664949441.075314,224,256,0,256,134,0,0,33,256,8.105000,0.000000,11.669000
1760,1664949441.175314,229,256,0,256,141,0,0,27,256,8.376000,0.000000,12.095000
1761,1664949441.275314,231,256,0,256,134,0,0,29,256,8.190000,0.000000,11.919000
1762,1664949441.375314,236,256,0,256,141,0,0,23,256,8.399000,0.000000,12.126000
1763,1664949441.475314,237,256,0,256,138,0,0,21,256,8.504000,0.000000,11.982000
1764,1664949441.575311,244,256,0,256,144,0,0,13,256,8.538000,0.000000,12.139000
1765,1664949441.675297,237,256,0,256,136,0,0,20,256,8.286000,0.000000,12.104000
1766,1664949441.775286,233,256,0,256,133,0,0,24,256,8.343000,0.000000,11.972000
1767,1664949441.875277,239,256,0,256,133,0,0,19,256,8.256000,0.000000,12.269000
1768,1664949441.975270,242,256,0,256,137,0,0,16,256,8.276000,0.000000,12.179000
1769,1664949442.075264,241,256,0,256,139,0,0,17,256,9.100000,0.000000,12.622000
1770,1664949442.175259,243,256,0,256,141,0,0,14,256,8.292000,0.000000,12.525000
1771,1664949442.275255,245,256,0,256,135,0,0,11,256,8.326000,0.000000,11.882000
1772,1664949442.375251,242,256,0,256,123,0,0,16,256,8.466000,0.000000,12.132000
1773,1664949442.475247,247,256,0,256,130,0,0,14,256,8.349000,0.000000,12.043000
1774,1664949442.575244,243,256,0,256,139,0,0,14,256,8.516000,0.000000,12.488000
1775,1664949442.675241,244,256,0,256,131,0,0,12,256,8.282000,0.000000,11.790000
1776,1664949442.775239,248,256,0,256,124,0,0,9,256,8.203000,0.000000,12.014000
1777,1664949442.875236,245,256,0,256,129,0,0,14,256,8.743000,0.000000,12.772000
1778,1664949442.975233,242,256,0,256,126,0,0,17,256,9.102000,0.000000,12.761000
1779,1664949443.075232,244,256,0,256,125,0,0,14,256,8.758000,0.000000,13.074000
1780,1664949443.175230,244,256,0,256,131,0,0,13,256,8.231000,0.000000,11.792000
1781,1664949443.275228,238,256,0,256,134,0,0,19,256,8.318000,0.000000,12.337000
1782,1664949443.375229,210,256,0,256,155,0,0,48,256,8.379000,0.000000,15.632000
1783,1664949443.475233,168,256,0,256,157,0,0,89,256,8.321000,0.000000,12.635000
1784,1664949443.575240,206,256,0,256,166,0,0,51,256,8.367000,0.000000,12.383000
1785,1664949443.675240,248,256,0,256,162,0,0,8,256,8.371000,0.000000,11.746000
1786,1664949443.775240,256,256,0,256,165,0,0,2,256,8.277000,0.000000,11.655000
1787,1664949443.875240,256,256,0,256,160,0,0,2,256,8.534000,0.000000,12.129000
1788,1664949443.975240,256,256,0,256,166,0,0,1,256,8.446000,0.000000,11.950000
1789,1664949444.075240,255,256,0,256,162,0,0,1,256,8.291000,0.000000,11.935000
1790,1664949444.175240,253,256,0,256,161,0,0,3,256,7.893000,0.000000,11.644000
1791,1664949444.275240,253,256,0,256,156,0,0,4,256,8.364000,0.000000,11.774000
1792,1664949444.375240,254,256,0,256,161,0,0,2,256,8.796000,0.000000,12.321000
1793,1664949444.475240,238,256,0,256,157,0,0,21,256,8.548000,0.000000,12.396000
1794,1664949444.575240,254,256,0,256,153,0,0,5,256,8.420000,0.000000,12.304000
1795,1664949444.675240,251,256,0,256,154,0,0,6,256,8.047000,0.000000,11.569000
1796,1664949444.775240,256,256,0,256,157,0,0,0,256,8.176000,0.000000,11.661000
1797,1664949444.875240,255,256,0,256,160,0,0,2,256,8.412000,0.000000,11.895000
1798,1664949444.975240,248,256,0,256,149,0,0,9,256,8.452000,0.000000,12.287000
1799,1664949445.075240,249,256,0,256,152,0,0,8,256,8.248000,0.000000,11.787000
1800,1664949445.175240,253,256,0,256,150,0,0,6,256,8.536000,0.000000,12.549000
1801,1664949445.275240,240,256,0,256,145,0,0,17,256,8.982000,0.000000,13.350000
1802,1664949445.375240,253,256,0,256,145,0,0,6,256,8.316000,0.000000,12.177000
1803,1664949445.475240,248,256,0,256,137,0,0,11,256,8.528000,0.000000,12.179000
1804,1664949445.575240,246,256,0,256,128,0,0,10,256,8.016000,0.000000,12.128000
1805,1664949445.675240,239,256,0,256,126,0,0,20,256,8.191000,0.000000,11.963000
1806,1664949445.775240,237,256,0,256,124,0,0,20,256,8.590000,0.000000,12.803000
1807,1664949445.875240,245,256,0,256,123,0,0,12,256,8.563000,0.000000,13.091000
1808,1664949445.975240,239,256,0,256,117,0,0,17,256,8.974000,0.000000,12.870000
1809,1664949446.075240,237,256,0,256,118,0,0,20,256,8.243000,0.000000,11.870000
1810,1664949446.175240,240,256,0,256,119,0,0,16,256,8.226000,0.000000,12.374000
1811,1664949446.275240,238,256,0,256,114,0,0,18,256,8.409000,0.000000,12.187000
1812,1664949446.375240,236,256,0,256,112,0,0,20,256,8.801000,0.000000,12.642000
1813,1664949446.475240,237,256,0,256,121,0,0,19,256,8.514000,0.000000,12.135000
1814,1664949446.575240,243,256,0,256,120,0,0,14,256,8.224000,0.000000,11.873000
1815,1664949446.675240,241,256,0,256,118,0,0,16,256,8.281000,0.000000,12.079000
1816,1664949446.775240,240,256,0,256,104,0,0,19,256,8.324000,0.000000,12.355000
1817,1664949446.875240,237,256,0,256,101,0,0,22,256,8.253000,0.000000,12.230000
1818,1664949446.975240,231,256,0,256,105,0,0,26,256,8.984000,0.000000,12.978000
1819,1664949447.075240,232,256,0,256,101,0,0,26,256,9.247000,0.000000,13.098000
1820,1664949447.175240,232,256,0,256,111,0,0,25,256,8.682000,0.000000,12.644000
1821,1664949447.275240,223,256,0,256,108,0,0,33,256,8.088000,0.000000,12.848000
1822,1664949447.375248,242,256,0,256,111,0,0,16,256,8.339000,0.000000,12.266000
1823,1664949447.475260,234,256,0,256,111,0,0,27,256,8.290000,0.000000,12.003000
1824,1664949447.575271,224,256,0,256,114,0,0,37,256,8.604000,0.000000,12.477000
1825,1664949447.675281,230,256,0,256,106,0,0,33,256,8.376000,0.000000,12.159000
1826,1664949447.775289,235,256,0,256,95,0,0,26,256,8.296000,0.000000,12.130000
1827,1664949447.875296,241,256,0,256,118,0,0,16,256,8.292000,0.000000,12.127000
1828,1664949447.975301,238,256,0,256,119,0,0,19,256,8.347000,0.000000,12.134000
1829,1664949448.075306,232,256,0,256,106,0,0,27,256,8.525000,0.000000,12.228000
1830,1664949448.175311,231,256,0,256,110,0,0,28,256,8.248000,0.000000,12.047000
1831,1664949448.275312,250,256,0,256,110,0,0,10,256,8.277000,0.000000,12.332000
1832,1664949448.375313,242,256,0,256,104,0,0,16,256,8.197000,0.000000,12.068000
1833,1664949448.475313,234,256,0,256,108,0,0,26,256,8.308000,0.000000,12.117000
1834,1664949448.575314,235,256,0,256,101,0,0,22,256,8.513000,0.000000,12.338000
1835,1664949448.675314,242,256,0,256,104,0,0,15,256,8.678000,0.000000,13.130000
1836,1664949448.775314,238,256,0,256,103,0,0,18,256,9.063000,0.000000,12.825000
1837,1664949448.875314,240,256,0,256,105,0,0,18,256,9.199000,0.000000,12.944000
1838,1664949448.975313,241,256,0,256,104,0,0,17,256,8.776000,0.000000,12.811000
1839,1664949449.075314,231,256,0,256,102,0,0,27,256,8.211000,0.000000,12.206000
1840,1664949449.175313,230,256,0,256,91,0,0,27,256,8.272000,0.000000,12.038000
1841,1664949449.275313,232,256,0,256,96,0,0,25,256,8.240000,0.000000,12.198000
1842,1664949449.375313,236,256,0,256,99,0,0,21,256,8.206000,0.000000,12.195000
1843,1664949449.475313,230,256,0,256,86,0,0,26,256,8.021000,0.000000,11.982000
1844,1664949449.575313,234,256,0,256,90,0,0,23,256,8.294000,0.000000,12.238000
1845,1664949449.675313,236,256,0,256,87,0,0,22,256,8.344000,0.000000,12.314000
1846,1664949449.775313,215,256,0,256,90,0,0,42,256,8.175000,0.000000,12.114000
1847,1664949449.875313,218,256,0,256,75,0,0,40,256,9.100000,0.000000,13.100000
1848,1664949449.975313,228,256,0,256,83,0,0,33,256,8.285000,0.000000,12.532000
1849,1664949450.075313,215,256,0,256,84,0,0,44,256,8.278000,0.000000,12.075000
1850,1664949450.175313,221,256,0,256,87,0,0,37,256,8.504000,0.000000,12.738000
1851,1664949450.275313,221,256,0,256,89,0,0,41,256,8.371000,0.000000,12.458000
1852,1664949450.375313,223,256,0,256,84,0,0,37,256,8.535000,0.000000,12.375000
1853,1664949450.475313,221,256,0,256,89,0,0,36,256,8.185000,0.000000,12.120000
1854,1664949450.575313,231,256,0,256,96,0,0,27,256,8.093000,0.000000,12.905000
1855,1664949450.675313,219,256,0,256,83,0,0,39,256,8.551000,0.000000,12.548000
1856,1664949450.775313,232,256,0,256,90,0,0,25,256,8.422000,0.000000,12.587000
1857,1664949450.875313,230,256,0,256,90,0,0,29,256,8.347000,0.000000,12.335000
1858,1664949450.975313,231,256,0,256,106,0,0,31,256,8.252000,0.000000,12.217000
1859,1664949451.075313,230,256,0,256,100,0,0,31,256,8.972000,0.000000,13.279000
1860,1664949451.175313,223,256,0,256,99,0,0,34,256,8.296000,0.000000,12.180000
1861,1664949451.275313,224,256,0,256,101,0,0,34,256,8.264000,0.000000,13.837000
1862,1664949451.375313,231,256,0,256,103,0,0,26,256,8.455000,0.000000,12.896000
1863,1664949451.475313,224,256,0,256,98,0,0,37,256,8.874000,0.000000,13.207000
1864,1664949451.575313,227,256,0,256,103,0,0,31,256,8.538000,0.000000,12.735000
1865,1664949451.675313,248,256,0,256,102,0,0,9,256,8.566000,0.000000,12.440000
1866,1664949451.775313,242,256,0,256,101,0,0,18,256,8.138000,0.000000,12.237000
1867,1664949451.875313,216,256,0,256,92,0,0,42,256,8.368000,0.000000,13.089000
1868,1664949451.975313,234,256,0,256,99,0,0,25,256,8.378000,0.000000,12.518000
1869,1664949452.075313,229,256,0,256,103,0,0,29,256,8.655000,0.000000,13.342000
1870,1664949452.175313,236,256,0,256,109,0,0,20,256,8.591000,0.000000,12.564000
1871,1664949452.275313,230,256,0,256,123,0,0,28,256,8.312000,0.000000,12.740000
1872,1664949452.375313,242,256,0,256,125,0,0,18,256,8.320000,0.000000,12.166000
1873,1664949452.475313,225,256,0,256,101,0,0,34,256,8.018000,0.000000,11.832000
1874,1664949452.575313,231,256,0,256,109,0,0,28,256,8.444000,0.000000,12.213000
1875,1664949452.675313,234,256,0,256,105,0,0,24,256,8.620000,0.000000,12.747000
1876,1664949452.775313,246,256,0,256,110,0,0,11,256,8.318000,0.000000,12.188000
1877,1664949452.875313,230,256,0,256,103,0,0,27,256,8.049000,0.000000,12.009000
1878,1664949452.975313,224,256,0,256,107,0,0,37,256,8.294000,0.000000,12.149000
1879,1664949453.075313,231,256,0,256,112,0,0,29,256,8.331000,0.000000,12.496000
1880,1664949453.175313,218,256,0,256,101,0,0,41,256,8.362000,0.000000,13.048000
1881,1664949453.275313,221,256,0,256,98,0,0,36,256,8.486000,0.000000,12.399000
1882,1664949453.375313,224,256,0,256,96,0,0,34,256,8.272000,0.000000,12.452000
1883,1664949453.475313,209,256,0,256,100,0,0,48,256,8.339000,0.000000,12.013000
1884,1664949453.575313,224,256,0,256,98,0,0,34,256,8.238000,0.000000,12.072000
1885,1664949453.675313,227,256,0,256,101,0,0,31,256,8.335000,0.000000,12.212000
1886,1664949453.775313,222,256,0,256,105,0,0,35,256,8.258000,0.000000,12.273000
1887,1664949453.875313,222,256,0,256,101,0,0,39,256,8.244000,0.000000,12.481000
1888,1664949453.975313,232,256,0,256,85,0,0,30,256,8.377000,0.000000,12.328000
1889,1664949454.075313,222,256,0,256,87,0,0,38,256,8.473000,0.000000,12.162000
1890,1664949454.175313,219,256,0,256,97,0,0,38,256,8.575000,0.000000,13.226000
1891,1664949454.275313,216,256,0,256,91,0,0,42,256,8.205000,0.000000,12.229000
1892,1664949454.375313,228,256,0,256,98,0,0,33,256,8.287000,0.000000,12.076000
1893,1664949454.475313,226,256,0,256,87,0,0,31,256,8.191000,0.000000,12.207000
1894,1664949454.575313,219,256,0,256,91,0,0,42,256,8.434000,0.000000,12.705000
1895,1664949454.675313,226,256,0,256,69,0,0,34,256,8.391000,0.000000,12.393000
1896,1664949454.775313,227,256,0,256,79,0,0,32,256,8.218000,0.000000,12.287000
1897,1664949454.875313,228,256,0,256,65,0,0,34,256,8.276000,0.000000,12.299000
1898,1664949454.975313,213,256,0,256,70,0,0,44,256,8.292000,0.000000,12.617000
1899,1664949455.075313,219,256,0,256,58,0,0,42,256,8.257000,0.000000,12.455000
1900,1664949455.175313,215,256,0,256,58,0,0,43,256,8.371000,0.000000,12.435000
1901,1664949455.275313,228,256,0,256,68,0,0,32,256,8.506000,0.000000,12.417000
1902,1664949455.375313,221,256,0,256,67,0,0,38,256,8.310000,0.000000,12.143000
1903,1664949455.475313,206,256,0,256,62,0,0,52,256,8.311000,0.000000,12.446000
1904,1664949455.575313,238,256,0,256,61,0,0,19,256,9.367000,0.000000,13.650000
1905,1664949455.675313,227,256,0,256,60,0,0,31,256,8.570000,0.000000,12.660000
1906,1664949455.775313,231,256,0,256,58,0,0,27,256,8.334000,0.000000,12.159000
1907,1664949455.875313,227,256,0,256,54,0,0,30,256,8.311000,0.000000,12.174000
1908,1664949455.975313,231,256,0,256,59,0,0,26,256,8.537000,0.000000,12.802000
1909,1664949456.075313,224,256,0,256,51,0,0,33,256,8.412000,0.000000,12.700000
1910,1664949456.175313,220,256,0,256,60,0,0,37,256,8.291000,0.000000,12.536000
1911,1664949456.275313,245,256,0,256,58,0,0,13,256,8.290000,0.000000,12.330000
1912,1664949456.375313,241,256,0,256,59,0,0,18,256,8.230000,0.000000,12.541000
1913,1664949456.475313,240,256,0,256,63,0,0,17,256,8.890000,0.000000,13.422000
1914,1664949456.575313,248,256,0,256,62,0,0,10,256,8.958000,0.000000,13.111000
1915,1664949456.675313,253,256,0,256,70,0,0,6,256,8.985000,0.000000,13.327000
1916,1664949456.775313,249,256,0,256,70,0,0,11,256,9.002000,0.000000,13.114000
1917,1664949456.875313,240,256,0,256,72,0,0,17,256,8.788000,0.000000,13.197000
1918,1664949456.975313,238,256,0,256,73,0,0,19,256,8.965000,0.000000,13.161000
1919,1664949457.075310,233,256,0,256,79,0,0,23,256,9.238000,0.000000,15.467000
1920,1664949457.175295,233,256,0,256,74,0,0,23,256,8.231000,0.000000,12.630000
1921,1664949457.275282,228,256,0,256,87,0,0,31,256,8.795000,0.000000,12.975000
1922,1664949457.375271,243,256,0,256,87,0,0,13,256,8.224000,0.000000,11.924000
1923,1664949457.475261,232,256,0,256,90,0,0,25,256,8.482000,0.000000,12.423000
1924,1664949457.575254,244,256,0,256,94,0,0,12,256,8.302000,0.000000,12.180000
1925,1664949457.675248,248,256,0,256,93,0,0,10,256,8.044000,0.000000,11.970000
1926,1664949457.775242,242,256,0,256,102,0,0,15,256,8.218000,0.000000,12.101000
1927,1664949457.875237,238,256,0,256,103,0,0,21,256,8.148000,0.000000,12.056000
1928,1664949457.975233,238,256,0,256,106,0,0,22,256,8.209000,0.000000,12.017000
1929,1664949458.075230,237,256,0,256,102,0,0,23,256,8.439000,0.000000,12.062000
1930,1664949458.175226,231,256,0,256,99,0,0,25,256,8.305000,0.000000,12.157000
1931,1664949458.275222,247,256,0,256,102,0,0,9,256,8.254000,0.000000,11.994000
1932,1664949458.375218,228,256,0,256,102,0,0,29,256,8.316000,0.000000,12.295000
1933,1664949458.475216,243,256,0,256,102,0,0,15,256,8.496000,0.000000,12.350000
1934,1664949458.575214,230,256,0,256,103,0,0,26,256,8.531000,0.000000,12.534000
1935,1664949458.675213,240,256,0,256,98,0,0,17,256,8.365000,0.000000,12.346000
1936,1664949458.775212,235,256,0,256,94,0,0,23,256,8.350000,0.000000,12.260000
1937,1664949458.875212,231,256,0,256,107,0,0,27,256,8.324000,0.000000,12.436000
1938,1664949458.975213,227,256,0,256,103,0,0,29,256,8.380000,0.000000,12.176000
1939,1664949459.075217,205,256,0,256,104,0,0,51,256,8.512000,0.000000,12.494000
1940,1664949459.175217,234,256,0,256,115,0,0,24,256,8.342000,0.000000,12.176000
1941,1664949459.275217,230,256,0,256,114,0,0,26,256,8.360000,0.000000,12.359000
1942,1664949459.375217,232,256,0,256,104,0,0,24,256,8.574000,0.000000,12.499000
1943,1664949459.475217,237,256,0,256,111,0,0,20,256,9.299000,0.000000,13.429000
1944,1664949459.575217,224,256,0,256,102,0,0,34,256,9.529000,0.000000,14.654000
1945,1664949459.675217,211,256,0,256,99,0,0,47,256,8.541000,0.000000,12.434000
1946,1664949459.775217,242,256,0,256,107,0,0,17,256,8.938000,0.000000,13.542000
1947,1664949459.875217,224,256,0,256,102,0,0,32,256,9.599000,0.000000,13.724000
1948,1664949459.975217,234,256,0,256,106,0,0,24,256,9.519000,0.000000,14.932000
1949,1664949460.075217,237,256,0,256,114,0,0,21,256,9.289000,0.000000,13.167000
1950,1664949460.175217,231,256,0,256,110,0,0,27,256,9.309000,0.000000,13.220000
1951,1664949460.275217,244,256,0,256,103,0,0,13,256,8.999000,0.000000,12.894000
1952,1664949460.375217,224,256,0,256,96,0,0,35,256,9.244000,0.000000,13.175000
1953,1664949460.475217,232,256,0,256,86,0,0,25,256,9.307000,0.000000,13.517000
1954,1664949460.575217,240,256,0,256,88,0,0,19,256,9.647000,0.000000,14.077000
1955,1664949460.675217,225,256,0,256,88,0,0,33,256,8.653000,0.000000,12.649000
1956,1664949460.775217,242,256,0,256,87,0,0,17,256,8.323000,0.000000,12.320000
1957,1664949460.875217,229,256,0,256,95,0,0,30,256,8.298000,0.000000,12.291000
1958,1664949460.975217,224,256,0,256,96,0,0,33,256,8.227000,0.000000,12.426000
1959,1664949461.075217,222,256,0,256,97,0,0,35,256,8.214000,0.000000,12.189000
1960,1664949461.175217,221,256,0,256,92,0,0,39,256,8.472000,0.000000,12.376000
1961,1664949461.275217,221,256,0,256,78,0,0,36,256,8.350000,0.000000,12.747000
1962,1664949461.375217,227,256,0,256,83,0,0,33,256,8.217000,0.000000,12.430000
1963,1664949461.475217,215,256,0,256,87,0,0,44,256,8.529000,0.000000,12.418000
1964,1664949461.575217,218,256,0,256,89,0,0,40,256,8.127000,0.000000,12.098000
1965,1664949461.675217,212,256,0,256,80,0,0,46,256,8.247000,0.000000,12.275000
1966,1664949461.775217,207,256,0,256,81,0,0,50,256,8.307000,0.000000,12.435000
1967,1664949461.875217,203,256,0,256,79,0,0,54,256,8.295000,0.000000,13.148000
1968,1664949461.975217,222,256,0,256,84,0,0,35,256,8.403000,0.000000,12.590000
1969,1664949462.075217,211,256,0,256,90,0,0,45,256,8.305000,0.000000,12.321000
1970,1664949462.175217,213,256,0,256,78,0,0,45,256,8.460000,0.000000,14.241000
1971,1664949462.275217,220,256,0,256,76,0,0,36,256,8.403000,0.000000,12.518000
1972,1664949462.375217,210,256,0,256,65,0,0,50,256,8.351000,0.000000,12.234000
1973,1664949462.475217,223,256,0,256,79,0,0,39,256,8.364000,0.000000,12.690000
1974,1664949462.575217,216,256,0,256,81,0,0,46,256,8.482000,0.000000,12.796000
1975,1664949462.675217,207,256,0,256,81,0,0,51,256,8.310000,0.000000,12.345000
1976,1664949462.775217,207,256,0,256,83,0,0,50,256,8.450000,0.000000,12.430000
1977,1664949462.875217,211,256,0,256,79,0,0,47,256,8.475000,0.000000,12.616000
1978,1664949462.975217,219,256,0,256,85,0,0,38,256,8.350000,0.000000,12.268000
1979,1664949463.075217,220,256,0,256,79,0,0,41,256,8.366000,0.000000,12.143000
1980,1664949463.175217,209,256,0,256,91,0,0,49,256,8.351000,0.000000,12.340000
1981,1664949463.275217,209,256,0,256,100,0,0,48,256,7.942000,0.000000,11.960000
1982,1664949463.375217,224,256,0,256,85,0,0,37,256,8.210000,0.000000,11.936000
1983,1664949463.475217,207,256,0,256,84,0,0,52,256,8.489000,0.000000,13.035000
1984,1664949463.575217,226,256,0,256,93,0,0,30,256,8.296000,0.000000,12.621000
1985,1664949463.675217,228,256,0,256,79,0,0,30,256,8.287000,0.000000,12.304000
1986,1664949463.775217,223,256,0,256,90,0,0,35,256,8.299000,0.000000,12.522000
1987,1664949463.875217,229,256,0,256,85,0,0,29,256,8.489000,0.000000,12.592000
1988,1664949463.975217,207,256,0,256,94,0,0,51,256,8.230000,0.000000,11.861000
1989,1664949464.075217,219,256,0,256,85,0,0,39,256,8.255000,0.000000,12.195000
1990,1664949464.175217,216,256,0,256,87,0,0,42,256,9.444000,0.000000,13.727000
1991,1664949464.275217,224,256,0,256,78,0,0,32,256,9.663000,0.000000,13.871000
1992,1664949464.375217,225,256,0,256,78,0,0,33,256,8.411000,0.000000,12.996000
1993,1664949464.475217,211,256,0,256,88,0,0,46,256,8.274000,0.000000,12.463000
1994,1664949464.575217,210,256,0,256,92,0,0,48,256,8.179000,0.000000,11.881000
1995,1664949464.675217,211,256,0,256,81,0,0,46,256,8.326000,0.000000,12.127000
1996,1664949464.775217,221,256,0,256,86,0,0,38,256,8.473000,0.000000,12.083000
1997,1664949464.875217,206,256,0,256,85,0,0,54,256,8.148000,0.000000,12.127000
1998,1664949464.975217,213,256,0,256,85,0,0,47,256,8.494000,0.000000,13.324000
1999,1664949465.075217,213,256,0,256,89,0,0,45,256,8.308000,0.000000,15.764000
2000,1664949465.175217,210,256,0,256,93,0,0,47,256,8.287000,0.000000,12.864000
2001,1664949465.275217,225,256,0,256,89,0,0,31,256,8.349000,0.000000,14.067000
2002,1664949465.375217,217,256,0,256,85,0,0,42,256,8.342000,0.000000,12.494000
2003,1664949465.475217,200,256,0,256,70,0,0,60,256,8.283000,0.000000,12.473000
2004,1664949465.575217,212,256,0,256,78,0,0,48,256,8.204000,0.000000,12.388000
2005,1664949465.675217,204,256,0,256,80,0,0,54,256,8.331000,0.000000,12.716000
2006,1664949465.775217,210,256,0,256,76,0,0,48,256,8.415000,0.000000,12.469000
2007,1664949465.875217,207,256,0,256,75,0,0,51,256,8.516000,0.000000,12.982000
2008,1664949465.975217,219,256,0,256,75,0,0,39,256,8.241000,0.000000,12.362000
2009,1664949466.075217,209,256,0,256,84,0,0,47,256,8.188000,0.000000,12.453000
2010,1664949466.175217,206,256,0,256,75,0,0,52,256,8.538000,0.000000,12.713000
2011,1664949466.275217,208,256,0,256,94,0,0,53,256,8.085000,0.000000,12.357000
2012,1664949466.375217,216,256,0,256,93,0,0,45,256,8.245000,0.000000,12.018000
2013,1664949466.475217,227,256,0,256,99,0,0,31,256,8.436000,0.000000,12.288000
2014,1664949466.575217,225,256,0,256,109,0,0,32,256,9.839000,0.000000,14.598000
2015,1664949466.675217,248,256,0,256,118,0,0,9,256,9.488000,0.000000,14.392000
2016,1664949466.775217,250,256,0,256,114,0,0,8,256,9.915000,0.000000,15.011000
2017,1664949466.875217,238,256,0,256,110,0,0,20,256,9.045000,0.000000,13.192000
2018,1664949466.975217,241,256,0,256,106,0,0,17,256,8.314000,0.000000,12.395000
2019,1664949467.075217,251,256,0,256,112,0,0,5,256,8.443000,0.000000,12.363000
2020,1664949467.175217,248,256,0,256,115,0,0,9,256,8.281000,0.000000,12.238000
2021,1664949467.275217,237,256,0,256,119,0,0,20,256,8.314000,0.000000,12.153000
2022,1664949467.375217,233,256,0,256,109,0,0,23,256,7.892000,0.000000,11.929000
2023,1664949467.475217,240,256,0,256,111,0,0,17,256,7.941000,0.000000,12.030000
2024,1664949467.575217,220,256,0,256,122,0,0,37,256,7.974000,0.000000,11.800000
2025,1664949467.675217,231,256,0,256,132,0,0,28,256,8.170000,0.000000,12.114000
2026,1664949467.775217,229,256,0,256,126,0,0,29,256,8.530000,0.000000,12.690000
2027,1664949467.875217,230,256,0,256,120,0,0,28,256,8.175000,0.000000,11.954000
2028,1664949467.975217,229,256,0,256,125,0,0,30,256,8.653000,0.000000,12.781000
2029,1664949468.075217,234,256,0,256,118,0,0,22,256,8.407000,0.000000,12.409000
2030,1664949468.175217,232,256,0,256,123,0,0,27,256,8.496000,0.000000,12.877000
2031,1664949468.275217,221,256,0,256,121,0,0,36,256,8.513000,0.000000,12.766000
2032,1664949468.375217,243,256,0,256,117,0,0,17,256,8.509000,0.000000,12.867000
2033,1664949468.475217,240,256,0,256,118,0,0,17,256,7.921000,0.000000,11.837000
2034,1664949468.575217,244,256,0,256,118,0,0,16,256,9.038000,0.000000,12.913000
2035,1664949468.675217,239,256,0,256,116,0,0,19,256,8.549000,0.000000,12.464000
2036,1664949468.775217,212,256,0,256,132,0,0,45,256,8.016000,0.000000,12.266000
2037,1664949468.875217,240,256,0,256,123,0,0,21,256,8.322000,0.000000,12.009000
2038,1664949468.975217,234,256,0,256,127,0,0,25,256,8.149000,0.000000,12.883000
2039,1664949469.075217,236,256,0,256,117,0,0,24,256,9.542000,0.000000,13.486000
2040,1664949469.175212,221,256,0,256,124,0,0,38,256,9.607000,0.000000,13.990000
2041,1664949469.275203,220,256,0,256,131,0,0,38,256,9.935000,0.000000,14.218000
2042,1664949469.375196,241,256,0,256,130,0,0,15,256,9.260000,0.000000,13.506000
2043,1664949469.475189,241,256,0,256,127,0,0,17,256,9.407000,0.000000,13.481000
2044,1664949469.575185,243,256,0,256,132,0,0,14,256,9.159000,0.000000,13.917000
2045,1664949469.675181,225,256,0,256,133,0,0,32,256,9.402000,0.000000,13.733000
2046,1664949469.775177,225,256,0,256,136,0,0,33,256,9.596000,0.000000,13.668000
2047,1664949469.875175,242,256,0,256,141,0,0,16,256,8.367000,0.000000,12.274000
2048,1664949469.975173,252,256,0,256,142,0,0,5,256,8.177000,0.000000,12.127000
2049,1664949470.075172,246,256,0,256,146,0,0,14,256,8.580000,0.000000,12.444000
2050,1664949470.175171,248,256,0,256,147,0,0,11,256,8.251000,0.000000,12.139000
2051,1664949470.275171,254,256,0,256,149,0,0,3,256,8.367000,0.000000,12.384000
2052,1664949470.375170,253,256,0,256,147,0,0,3,256,8.468000,0.000000,12.223000
2053,1664949470.475169,253,256,0,256,150,0,0,4,256,8.122000,0.000000,11.876000
2054,1664949470.575169,248,256,0,256,151,0,0,9,256,8.041000,0.000000,11.506000
2055,1664949470.675168,254,256,0,256,146,0,0,6,256,8.229000,0.000000,11.988000
2056,1664949470.775167,252,256,0,256,144,0,0,5,256,8.198000,0.000000,12.135000
2057,1664949470.875166,246,256,0,256,146,0,0,14,256,8.279000,0.000000,11.835000
2058,1664949470.975165,238,256,0,256,148,0,0,19,256,8.616000,0.000000,12.341000
2059,1664949471.075164,245,256,0,256,151,0,0,11,256,8.300000,0.000000,11.812000
2060,1664949471.175164,250,256,0,256,156,0,0,6,256,8.240000,0.000000,11.869000
2061,1664949471.275164,253,256,0,256,157,0,0,6,256,8.328000,0.000000,12.144000
2062,1664949471.375164,251,256,0,256,159,0,0,5,256,9.848000,0.000000,13.577000
2063,1664949471.475163,246,256,0,256,155,0,0,10,256,9.481000,0.000000,13.620000
2064,1664949471.575164,242,256,0,256,144,0,0,16,256,9.353000,0.000000,14.145000
2065,1664949471.675164,234,256,0,256,137,0,0,24,256,9.494000,0.000000,13.710000
2066,1664949471.775164,238,256,0,256,143,0,0,18,256,9.081000,0.000000,12.895000
2067,1664949471.875164,231,256,0,256,144,0,0,25,256,9.246000,0.000000,13.035000
2068,1664949471.975163,229,256,0,256,150,0,0,28,256,9.102000,0.000000,12.960000
2069,1664949472.075164,244,256,0,256,146,0,0,15,256,9.309000,0.000000,13.179000
2070,1664949472.175164,232,256,0,256,149,0,0,24,256,8.318000,0.000000,12.222000
2071,1664949472.275164,227,256,0,256,154,0,0,31,256,8.477000,0.000000,12.045000
2072,1664949472.375164,240,256,0,256,149,0,0,16,256,8.583000,0.000000,12.312000
2073,1664949472.475163,238,256,0,256,147,0,0,19,256,8.474000,0.000000,12.459000
2074,1664949472.575164,241,256,0,256,148,0,0,16,256,8.511000,0.000000,12.204000
2075,1664949472.675164,240,256,0,256,157,0,0,19,256,8.279000,0.000000,12.040000
2076,1664949472.775164,245,256,0,256,153,0,0,11,256,9.462000,0.000000,12.885000
2077,1664949472.875164,241,256,0,256,150,0,0,16,256,8.545000,0.000000,12.322000
2078,1664949472.975163,252,256,0,256,142,0,0,7,256,9.313000,0.000000,12.898000
2079,1664949473.075164,249,256,0,256,150,0,0,8,256,9.004000,0.000000,12.947000
2080,1664949473.175164,251,256,0,256,155,0,0,6,256,9.460000,0.000000,13.090000
2081,1664949473.275164,248,256,0,256,148,0,0,11,256,9.508000,0.000000,13.224000
2082,1664949473.375164,247,256,0,256,150,0,0,10,256,9.653000,0.000000,13.222000
2083,1664949473.475163,237,256,0,256,152,0,0,21,256,9.047000,0.000000,12.670000
2084,1664949473.575164,238,256,0,256,157,0,0,18,256,9.238000,0.000000,12.919000
2085,1664949473.675164,224,256,0,256,163,0,0,34,256,8.870000,0.000000,12.475000
2086,1664949473.775164,224,256,0,256,170,0,0,34,256,8.307000,0.000000,12.040000
2087,1664949473.875164,243,256,0,256,173,0,0,15,256,8.494000,0.000000,11.971000
2088,1664949473.975163,254,256,0,256,168,0,0,3,256,8.403000,0.000000,11.825000
2089,1664949474.075157,251,256,0,256,169,0,0,9,256,8.254000,0.000000,11.959000
2090,1664949474.175151,255,256,0,256,163,0,0,5,256,8.240000,0.000000,11.643000
2091,1664949474.275145,254,256,0,256,168,0,0,3,256,8.209000,0.000000,11.721000
2092,1664949474.375141,249,256,0,256,170,0,0,8,256,8.177000,0.000000,11.595000
2093,1664949474.475137,249,256,0,256,176,0,0,10,256,8.251000,0.000000,11.848000
2094,1664949474.575134,243,256,0,256,179,0,0,13,256,8.427000,0.000000,11.907000
2095,1664949474.675131,241,256,0,256,187,0,0,16,256,8.253000,0.000000,11.732000
2096,1664949474.775129,246,256,0,256,191,0,0,12,256,8.267000,0.000000,11.777000
2097,1664949474.875127,254,256,0,256,193,0,0,4,256,8.297000,0.000000,11.770000
2098,1664949474.975125,253,256,0,256,194,0,0,4,256,9.390000,0.000000,12.977000
2099,1664949475.075123,252,256,0,256,199,0,0,4,256,8.481000,0.000000,12.230000
2100,1664949475.175122,254,256,0,256,199,0,0,5,256,8.277000,0.000000,11.802000
2101,1664949475.275120,254,256,0,256,195,0,0,2,256,8.344000,0.000000,13.685000
2102,1664949475.375118,252,256,0,256,199,0,0,7,256,7.996000,0.000000,12.190000
2103,1664949475.475116,249,256,0,256,195,0,0,7,256,8.092000,0.000000,11.792000
2104,1664949475.575114,249,256,0,256,193,0,0,8,256,8.253000,0.000000,11.743000
2105,1664949475.675112,248,256,0,256,199,0,0,9,256,8.339000,0.000000,11.690000
2106,1664949475.775111,251,256,0,256,200,0,0,7,256,8.355000,0.000000,11.815000
2107,1664949475.875109,255,256,0,256,202,0,0,2,256,8.288000,0.000000,11.672000
2108,1664949475.975108,252,256,0,256,200,0,0,6,256,8.347000,0.000000,11.970000
2109,1664949476.075108,253,256,0,256,201,0,0,3,256,8.311000,0.000000,11.586000
2110,1664949476.175107,253,256,0,256,203,0,0,4,256,8.525000,0.000000,12.101000
2111,1664949476.275108,255,256,0,256,198,0,0,2,256,8.519000,0.000000,11.889000
2112,1664949476.375108,250,256,0,256,197,0,0,6,256,8.439000,0.000000,11.908000
2113,1664949476.475107,254,256,0,256,196,0,0,2,256,8.233000,0.000000,11.625000
2114,1664949476.575108,254,256,0,256,200,0,0,2,256,8.537000,0.000000,12.013000
2115,1664949476.675107,252,256,0,256,204,0,0,4,256,8.715000,0.000000,12.640000
2116,1664949476.775108,250,256,0,256,201,0,0,10,256,8.180000,0.000000,11.965000
2117,1664949476.875108,256,256,0,256,202,0,0,2,256,8.051000,0.000000,11.143000
2118,1664949476.975107,255,256,0,256,202,0,0,3,256,8.325000,0.000000,11.533000
2119,1664949477.075108,256,256,0,256,203,0,0,0,256,7.966000,0.000000,11.153000
2120,1664949477.175107,255,256,0,256,199,0,0,2,256,8.507000,0.000000,11.595000
2121,1664949477.275108,256,256,0,256,197,0,0,0,256,8.179000,0.000000,11.438000
2122,1664949477.375108,256,256,0,256,200,0,0,0,256,8.260000,0.000000,12.294000
2123,1664949477.475107,250,256,0,256,204,0,0,6,256,8.439000,0.000000,11.491000
2124,1664949477.575108,256,256,0,256,206,0,0,0,256,8.616000,0.000000,11.952000
2125,1664949477.675107,256,256,0,256,196,0,0,0,256,8.277000,0.000000,11.513000
2126,1664949477.775108,247,256,0,256,201,0,0,10,256,8.301000,0.000000,11.816000
2127,1664949477.875108,253,256,0,256,201,0,0,4,256,8.242000,0.000000,11.403000
2128,1664949477.975107,255,256,0,256,203,0,0,3,256,8.292000,0.000000,11.652000
2129,1664949478.075108,255,256,0,256,204,0,0,2,256,8.007000,0.000000,11.103000
2130,1664949478.175107,254,256,0,256,202,0,0,2,256,8.180000,0.000000,11.449000
2131,1664949478.275108,254,256,0,256,202,0,0,2,256,8.236000,0.000000,11.422000
2132,1664949478.375108,255,256,0,256,203,0,0,1,256,8.207000,0.000000,11.889000
2133,1664949478.475107,255,256,0,256,199,0,0,1,256,9.148000,0.000000,13.263000
2134,1664949478.575108,255,256,0,256,200,0,0,1,256,9.216000,0.000000,13.100000
2135,1664949478.675107,255,256,0,256,197,0,0,3,256,9.480000,0.000000,12.916000
2136,1664949478.775108,254,256,0,256,201,0,0,2,256,9.744000,0.000000,13.403000
2137,1664949478.875108,252,256,0,256,199,0,0,6,256,7.983000,0.000000,11.659000
2138,1664949478.975107,254,256,0,256,196,0,0,4,256,8.540000,0.000000,11.691000
2139,1664949479.075108,251,256,0,256,198,0,0,5,256,8.252000,0.000000,11.434000
2140,1664949479.175107,253,256,0,256,201,0,0,4,256,8.473000,0.000000,11.967000
2141,1664949479.275108,252,256,0,256,197,0,0,6,256,8.351000,0.000000,11.863000
2142,1664949479.375108,252,256,0,256,197,0,0,4,256,8.371000,0.000000,11.903000
2143,1664949479.475107,252,256,0,256,199,0,0,5,256,8.502000,0.000000,11.878000
2144,1664949479.575108,252,256,0,256,199,0,0,4,256,8.204000,0.000000,11.820000
2145,1664949479.675107,252,256,0,256,198,0,0,4,256,8.433000,0.000000,11.851000
2146,1664949479.775108,252,256,0,256,197,0,0,4,256,8.484000,0.000000,12.159000
2147,1664949479.875108,254,256,0,256,200,0,0,2,256,8.228000,0.000000,11.555000
2148,1664949479.975107,255,256,0,256,188,0,0,4,256,8.323000,0.000000,11.888000
2149,1664949480.075108,254,256,0,256,195,0,0,3,256,8.332000,0.000000,11.549000
2150,1664949480.175107,254,256,0,256,194,0,0,3,256,8.288000,0.000000,11.585000
2151,1664949480.275108,253,256,0,256,193,0,0,4,256,8.441000,0.000000,11.525000
2152,1664949480.375108,254,256,0,256,193,0,0,2,256,8.331000,0.000000,11.770000
2153,1664949480.475107,236,256,0,256,196,0,0,20,256,8.235000,0.000000,11.670000
2154,1664949480.575108,231,256,0,256,190,0,0,27,256,8.260000,0.000000,11.915000
2155,1664949480.675107,241,256,0,256,182,0,0,16,256,8.430000,0.000000,12.106000
2156,1664949480.775108,253,256,0,256,168,0,0,3,256,8.220000,0.000000,11.974000
2157,1664949480.875108,253,256,0,256,151,0,0,6,256,8.439000,0.000000,12.276000
2158,1664949480.975107,249,256,0,256,137,0,0,9,256,8.192000,0.000000,11.756000
2159,1664949481.075109,248,256,0,256,141,0,0,9,256,8.286000,0.000000,12.002000
2160,1664949481.175116,246,256,0,256,158,0,0,11,256,8.512000,0.000000,11.897000
2161,1664949481.275121,212,256,0,256,171,0,0,45,256,8.253000,0.000000,11.700000
2162,1664949481.375126,243,256,0,256,189,0,0,14,256,8.293000,0.000000,12.105000
2163,1664949481.475130,254,256,0,256,184,0,0,2,256,8.197000,0.000000,11.874000
2164,1664949481.575133,254,256,0,256,191,0,0,3,256,8.511000,0.000000,12.104000
2165,1664949481.675135,255,256,0,256,198,0,0,1,256,8.353000,0.000000,11.731000
2166,1664949481.775136,255,256,0,256,197,0,0,1,256,8.088000,0.000000,11.340000
2167,1664949481.875137,242,256,0,256,194,0,0,15,256,7.992000,0.000000,11.351000
2168,1664949481.975138,185,256,0,256,185,0,0,74,256,8.035000,0.000000,11.774000
2169,1664949482.075140,215,256,0,256,181,0,0,47,256,7.725000,0.000000,12.739000
2170,1664949482.175141,215,256,0,256,177,0,0,44,256,7.920000,0.000000,11.675000
2171,1664949482.275142,250,256,0,256,179,0,0,6,256,8.504000,0.000000,12.183000
2172,1664949482.375142,247,256,0,256,173,0,0,9,256,8.335000,0.000000,11.979000
2173,1664949482.475142,245,256,0,256,168,0,0,12,256,8.499000,0.000000,12.296000
2174,1664949482.575142,250,256,0,256,172,0,0,7,256,8.438000,0.000000,12.086000
2175,1664949482.675142,251,256,0,256,173,0,0,6,256,9.548000,0.000000,14.522000
2176,1664949482.775142,249,256,0,256,178,0,0,8,256,9.264000,0.000000,13.631000
2177,1664949482.875142,254,256,0,256,173,0,0,3,256,8.459000,0.000000,11.823000
2178,1664949482.975142,256,256,0,256,172,0,0,1,256,8.189000,0.000000,11.925000
2179,1664949483.075143,256,256,0,256,176,0,0,1,256,8.405000,0.000000,12.026000
2180,1664949483.175143,255,256,0,256,180,0,0,1,256,8.263000,0.000000,11.659000
2181,1664949483.275143,256,256,0,256,178,0,0,1,256,8.270000,0.000000,11.947000
2182,1664949483.375143,255,256,0,256,174,0,0,2,256,8.186000,0.000000,11.856000
2183,1664949483.475143,255,256,0,256,187,0,0,2,256,8.208000,0.000000,11.712000
2184,1664949483.575143,245,256,0,256,182,0,0,11,256,8.158000,0.000000,12.050000
2185,1664949483.675143,256,256,0,256,182,0,0,0,256,9.348000,0.000000,13.006000
2186,1664949483.775143,255,256,0,256,182,0,0,1,256,9.439000,0.000000,13.466000
2187,1664949483.875143,256,256,0,256,182,0,0,0,256,8.002000,0.000000,11.873000
2188,1664949483.975143,256,256,0,256,184,0,0,0,256,8.186000,0.000000,11.763000
2189,1664949484.075143,256,256,0,256,179,0,0,0,256,8.509000,0.000000,12.096000
2190,1664949484.175143,256,256,0,256,180,0,0,2,256,8.482000,0.000000,12.166000
2191,1664949484.275143,256,256,0,256,175,0,0,0,256,8.188000,0.000000,11.903000
2192,1664949484.375143,256,256,0,256,176,0,0,0,256,8.561000,0.000000,12.539000
2193,1664949484.475143,256,256,0,256,178,0,0,2,256,8.231000,0.000000,11.621000
2194,1664949484.575143,256,256,0,256,171,0,0,0,256,8.334000,0.000000,11.840000
2195,1664949484.675143,256,256,0,256,169,0,0,2,256,8.256000,0.000000,12.092000
2196,1664949484.775143,256,256,0,256,170,0,0,1,256,9.100000,0.000000,13.942000
2197,1664949484.875143,254,256,0,256,166,0,0,3,256,9.520000,0.000000,14.485000
2198,1664949484.975143,254,256,0,256,166,0,0,2,256,8.248000,0.000000,11.491000
2199,1664949485.075143,254,256,0,256,166,0,0,2,256,8.400000,0.000000,11.803000
2200,1664949485.175143,255,256,0,256,165,0,0,1,256,8.433000,0.000000,11.933000
2201,1664949485.275143,256,256,0,256,171,0,0,0,256,8.313000,0.000000,11.637000
2202,1664949485.375143,255,256,0,256,169,0,0,1,256,8.296000,0.000000,11.808000
2203,1664949485.475143,256,256,0,256,171,0,0,0,256,8.407000,0.000000,11.981000
2204,1664949485.575143,256,256,0,256,172,0,0,0,256,8.279000,0.000000,11.676000
2205,1664949485.675143,254,256,0,256,172,0,0,2,256,8.018000,0.000000,12.080000
2206,1664949485.775143,255,256,0,256,171,0,0,1,256,7.987000,0.000000,11.625000
2207,1664949485.875143,255,256,0,256,166,0,0,1,256,8.351000,0.000000,11.952000
2208,1664949485.975143,256,256,0,256,175,0,0,2,256,9.488000,0.000000,13.831000
2209,1664949486.075143,240,256,0,256,182,0,0,16,256,9.782000,0.000000,14.665000
2210,1664949486.175143,255,256,0,256,175,0,0,1,256,9.666000,0.000000,13.501000
2211,1664949486.275143,254,256,0,256,181,0,0,2,256,8.391000,0.000000,11.935000
2212,1664949486.375143,253,256,0,256,185,0,0,3,256,8.322000,0.000000,11.693000
2213,1664949486.475143,253,256,0,256,176,0,0,4,256,8.204000,0.000000,11.997000
2214,1664949486.575136,212,256,0,256,195,0,0,44,256,8.310000,0.000000,12.018000
2215,1664949486.675129,230,256,0,256,190,0,0,30,256,8.208000,0.000000,12.125000
2216,1664949486.775123,233,256,0,256,191,0,0,25,256,8.517000,0.000000,11.969000
2217,1664949486.875117,239,256,0,256,187,0,0,17,256,8.444000,0.000000,11.952000
2218,1664949486.975112,241,256,0,256,189,0,0,16,256,8.531000,0.000000,11.764000
2219,1664949487.075109,237,256,0,256,184,0,0,19,256,9.831000,0.000000,14.424000
2220,1664949487.175106,238,256,0,256,189,0,0,19,256,9.303000,0.000000,13.439000
2221,1664949487.275104,237,256,0,256,186,0,0,21,256,9.205000,0.000000,13.022000
2222,1664949487.375101,223,256,0,256,182,0,0,34,256,8.443000,0.000000,12.188000
2223,1664949487.475098,241,256,0,256,187,0,0,16,256,8.508000,0.000000,12.143000
2224,1664949487.575095,236,256,0,256,191,0,0,20,256,8.629000,0.000000,12.762000
2225,1664949487.675091,223,256,0,256,192,0,0,33,256,8.353000,0.000000,11.651000
2226,1664949487.775088,221,256,0,256,205,0,0,36,256,8.470000,0.000000,12.005000
2227,1664949487.875085,231,256,0,256,192,0,0,26,256,8.366000,0.000000,11.982000
2228,1664949487.975082,236,256,0,256,190,0,0,21,256,8.098000,0.000000,11.419000
2229,1664949488.075080,227,256,0,256,196,0,0,30,256,8.526000,0.000000,12.159000
2230,1664949488.175078,222,256,0,256,189,0,0,37,256,8.240000,0.000000,11.815000
2231,1664949488.275076,222,256,0,256,193,0,0,34,256,7.894000,0.000000,11.443000
2232,1664949488.375075,240,256,0,256,193,0,0,18,256,8.284000,0.000000,11.719000
2233,1664949488.475073,240,256,0,256,190,0,0,17,256,8.211000,0.000000,11.673000
2234,1664949488.575073,247,256,0,256,188,0,0,10,256,7.942000,0.000000,11.791000
2235,1664949488.675073,247,256,0,256,196,0,0,9,256,8.481000,0.000000,12.265000
2236,1664949488.775073,247,256,0,256,195,0,0,11,256,8.081000,0.000000,11.847000
2237,1664949488.875073,250,256,0,256,189,0,0,6,256,8.219000,0.000000,11.757000
2238,1664949488.975073,250,256,0,256,185,0,0,7,256,8.436000,0.000000,11.900000
2239,1664949489.075073,247,256,0,256,187,0,0,11,256,8.421000,0.000000,12.183000
2240,1664949489.175073,237,256,0,256,176,0,0,20,256,8.431000,0.000000,12.007000
2241,1664949489.275073,234,256,0,256,182,0,0,23,256,7.920000,0.000000,11.425000
2242,1664949489.375073,227,256,0,256,190,0,0,29,256,8.252000,0.000000,11.812000
2243,1664949489.475073,225,256,0,256,184,0,0,32,256,8.423000,0.000000,11.946000
2244,1664949489.575073,231,256,0,256,175,0,0,26,256,8.220000,0.000000,11.616000
2245,1664949489.675073,223,256,0,256,167,0,0,34,256,7.971000,0.000000,11.453000
2246,1664949489.775073,219,256,0,256,156,0,0,39,256,8.516000,0.000000,11.819000
2247,1664949489.875073,203,256,0,256,163,0,0,53,256,8.235000,0.000000,11.824000
2248,1664949489.975073,206,256,0,256,168,0,0,53,256,8.482000,0.000000,11.735000
2249,1664949490.075073,207,256,0,256,170,0,0,51,256,8.240000,0.000000,11.471000
2250,1664949490.175073,203,256,0,256,173,0,0,53,256,7.914000,0.000000,11.242000
2251,1664949490.275073,221,256,0,256,175,0,0,36,256,8.241000,0.000000,11.505000
2252,1664949490.375073,220,256,0,256,180,0,0,36,256,8.468000,0.000000,11.720000
2253,1664949490.475073,219,256,0,256,174,0,0,38,256,7.889000,0.000000,11.298000
2254,1664949490.575073,212,256,0,256,182,0,0,47,256,8.393000,0.000000,11.498000
2255,1664949490.675073,216,256,0,256,181,0,0,42,256,7.961000,0.000000,11.536000
2256,1664949490.775073,233,256,0,256,184,0,0,23,256,8.037000,0.000000,11.582000
2257,1664949490.875073,232,256,0,256,195,0,0,25,256,8.391000,0.000000,11.871000
2258,1664949490.975073,239,256,0,256,188,0,0,17,256,9.719000,0.000000,13.486000
2259,1664949491.075073,237,256,0,256,191,0,0,20,256,9.450000,0.000000,12.957000
2260,1664949491.175073,240,256,0,256,190,0,0,17,256,9.351000,0.000000,13.761000
2261,1664949491.275073,227,256,0,256,182,0,0,32,256,8.334000,0.000000,11.621000
2262,1664949491.375073,228,256,0,256,184,0,0,29,256,8.240000,0.000000,11.562000
2263,1664949491.475073,228,256,0,256,189,0,0,31,256,7.917000,0.000000,11.600000
2264,1664949491.575073,230,256,0,256,187,0,0,28,256,8.361000,0.000000,11.783000
2265,1664949491.675073,225,256,0,256,191,0,0,32,256,7.985000,0.000000,11.523000
2266,1664949491.775073,228,256,0,256,189,0,0,29,256,8.319000,0.000000,12.315000
2267,1664949491.875073,238,256,0,256,192,0,0,20,256,8.512000,0.000000,12.283000
2268,1664949491.975073,234,256,0,256,188,0,0,25,256,8.386000,0.000000,11.827000
2269,1664949492.075073,236,256,0,256,178,0,0,22,256,8.144000,0.000000,12.173000
2270,1664949492.175073,239,256,0,256,195,0,0,18,256,8.503000,0.000000,12.339000
2271,1664949492.275073,235,256,0,256,190,0,0,21,256,8.270000,0.000000,11.951000
2272,1664949492.375073,238,256,0,256,180,0,0,19,256,9.456000,0.000000,13.052000
2273,1664949492.475073,233,256,0,256,183,0,0,23,256,8.308000,0.000000,11.709000
2274,1664949492.575073,233,256,0,256,163,0,0,24,256,8.351000,0.000000,12.000000
2275,1664949492.675073,233,256,0,256,184,0,0,23,256,8.392000,0.000000,11.682000
2276,1664949492.775073,231,256,0,256,180,0,0,28,256,8.154000,0.000000,11.766000
2277,1664949492.875073,233,256,0,256,187,0,0,24,256,8.519000,0.000000,11.879000
2278,1664949492.975073,241,256,0,256,182,0,0,15,256,8.264000,0.000000,11.894000
2279,1664949493.075073,235,256,0,256,185,0,0,22,256,8.409000,0.000000,11.691000
2280,1664949493.175073,233,256,0,256,192,0,0,23,256,8.042000,0.000000,11.590000
2281,1664949493.275073,231,256,0,256,185,0,0,25,256,7.774000,0.000000,11.214000
2282,1664949493.375073,225,256,0,256,179,0,0,34,256,7.723000,0.000000,11.314000
2283,1664949493.475073,223,256,0,256,183,0,0,34,256,8.320000,0.000000,12.026000
2284,1664949493.575073,223,256,0,256,179,0,0,36,256,8.452000,0.000000,12.022000
2285,1664949493.675073,226,256,0,256,178,0,0,32,256,7.916000,0.000000,11.547000
2286,1664949493.775073,216,256,0,256,182,0,0,40,256,7.674000,0.000000,11.507000
2287,1664949493.875073,220,256,0,256,180,0,0,36,256,8.655000,0.000000,12.110000
2288,1664949493.975073,210,256,0,256,179,0,0,47,256,9.323000,0.000000,12.866000
2289,1664949494.075073,212,256,0,256,177,0,0,45,256,8.495000,0.000000,11.733000
2290,1664949494.175073,211,256,0,256,184,0,0,45,256,8.499000,0.000000,12.011000
2291,1664949494.275073,220,256,0,256,186,0,0,39,256,8.536000,0.000000,12.239000
2292,1664949494.375073,216,256,0,256,187,0,0,41,256,7.946000,0.000000,11.791000
2293,1664949494.475073,224,256,0,256,184,0,0,33,256,7.783000,0.000000,11.371000
2294,1664949494.575073,225,256,0,256,175,0,0,31,256,7.990000,0.000000,11.852000
2295,1664949494.675073,223,256,0,256,182,0,0,33,256,8.044000,0.000000,11.450000
2296,1664949494.775073,224,256,0,256,189,0,0,33,256,9.146000,0.000000,12.706000
2297,1664949494.875073,220,256,0,256,187,0,0,38,256,8.232000,0.000000,12.186000
2298,1664949494.975073,223,256,0,256,193,0,0,33,256,8.366000,0.000000,11.882000
2299,1664949495.075073,226,256,0,256,196,0,0,30,256,8.325000,0.000000,11.994000
2300,1664949495.175073,230,256,0,256,201,0,0,28,256,7.746000,0.000000,11.254000
2301,1664949495.275073,230,256,0,256,205,0,0,28,256,8.389000,0.000000,11.728000
2302,1664949495.375073,236,256,0,256,209,0,0,22,256,8.539000,0.000000,11.867000
2303,1664949495.475073,232,256,0,256,215,0,0,25,256,8.410000,0.000000,12.060000
2304,1664949495.575073,237,256,0,256,214,0,0,20,256,8.313000,0.000000,11.595000
2305,1664949495.675073,237,256,0,256,215,0,0,22,256,7.984000,0.000000,11.481000
2306,1664949495.775073,239,256,0,256,213,0,0,18,256,8.519000,0.000000,12.017000
2307,1664949495.875073,241,256,0,256,212,0,0,16,256,8.346000,0.000000,11.603000
2308,1664949495.975073,240,256,0,256,211,0,0,16,256,7.920000,0.000000,11.650000
2309,1664949496.075073,236,256,0,256,219,0,0,21,256,8.455000,0.000000,11.928000
2310,1664949496.175073,241,256,0,256,212,0,0,17,256,8.238000,0.000000,11.698000
2311,1664949496.275073,237,256,0,256,211,0,0,22,256,8.272000,0.000000,14.085000
2312,1664949496.375073,238,256,0,256,213,0,0,19,256,8.244000,0.000000,11.825000
2313,1664949496.475073,244,256,0,256,212,0,0,13,256,7.682000,0.000000,11.141000
2314,1664949496.575073,237,256,0,256,213,0,0,20,256,8.356000,0.000000,11.930000
2315,1664949496.675073,238,256,0,256,215,0,0,20,256,8.349000,0.000000,12.247000
2316,1664949496.775073,239,256,0,256,204,0,0,19,256,8.160000,0.000000,11.787000
2317,1664949496.875073,240,256,0,256,204,0,0,17,256,8.388000,0.000000,11.772000
2318,1664949496.975073,239,256,0,256,206,0,0,19,256,8.441000,0.000000,12.109000
2319,1664949497.075073,233,256,0,256,210,0,0,23,256,7.989000,0.000000,12.267000
2320,1664949497.175073,235,256,0,256,202,0,0,24,256,8.329000,0.000000,11.800000
2321,1664949497.275073,231,256,0,256,204,0,0,25,256,7.980000,0.000000,12.681000
2322,1664949497.375073,234,256,0,256,203,0,0,26,256,8.153000,0.000000,11.588000
2323,1664949497.475073,231,256,0,256,209,0,0,26,256,8.512000,0.000000,12.250000
2324,1664949497.575073,236,256,0,256,206,0,0,21,256,7.922000,0.000000,11.355000
2325,1664949497.675073,237,256,0,256,205,0,0,20,256,8.346000,0.000000,11.999000
2326,1664949497.775073,238,256,0,256,208,0,0,19,256,8.812000,0.000000,12.394000
2327,1664949497.875073,235,256,0,256,213,0,0,22,256,8.716000,0.000000,13.233000
2328,1664949497.975073,232,256,0,256,207,0,0,25,256,8.537000,0.000000,12.011000
2329,1664949498.075073,230,256,0,256,206,0,0,29,256,8.473000,0.000000,12.226000
2330,1664949498.175073,223,256,0,256,195,0,0,36,256,8.024000,0.000000,11.711000
2331,1664949498.275073,221,256,0,256,199,0,0,35,256,8.237000,0.000000,11.666000
2332,1664949498.375073,222,256,0,256,196,0,0,35,256,8.760000,0.000000,12.460000
2333,1664949498.475073,213,256,0,256,202,0,0,45,256,8.155000,0.000000,11.664000
2334,1664949498.575073,225,256,0,256,197,0,0,31,256,9.124000,0.000000,12.612000
2335,1664949498.675073,222,256,0,256,197,0,0,35,256,8.310000,0.000000,11.786000
2336,1664949498.775073,220,256,0,256,196,0,0,37,256,8.328000,0.000000,11.864000
2337,1664949498.875073,219,256,0,256,193,0,0,41,256,8.552000,0.000000,12.112000
2338,1664949498.975073,222,256,0,256,201,0,0,34,256,8.497000,0.000000,12.722000
2339,1664949499.075073,225,256,0,256,192,0,0,33,256,8.195000,0.000000,11.756000
2340,1664949499.175073,221,256,0,256,199,0,0,35,256,8.182000,0.000000,11.642000
2341,1664949499.275073,224,256,0,256,201,0,0,32,256,8.179000,0.000000,12.421000
2342,1664949499.375073,220,256,0,256,205,0,0,36,256,8.246000,0.000000,11.827000
2343,1664949499.475073,221,256,0,256,200,0,0,36,256,8.236000,0.000000,11.807000
2344,1664949499.575073,225,256,0,256,193,0,0,31,256,8.204000,0.000000,12.110000
2345,1664949499.675073,222,256,0,256,190,0,0,35,256,8.219000,0.000000,11.929000
2346,1664949499.775073,222,256,0,256,196,0,0,34,256,8.316000,0.000000,11.970000
2347,1664949499.875073,221,256,0,256,204,0,0,36,256,8.287000,0.000000,11.948000
2348,1664949499.975073,224,256,0,256,200,0,0,34,256,7.773000,0.000000,11.299000
2349,1664949500.075073,222,256,0,256,202,0,0,35,256,8.560000,0.000000,12.059000
2350,1664949500.175073,222,256,0,256,201,0,0,36,256,8.478000,0.000000,11.790000
2351,1664949500.275073,224,256,0,256,208,0,0,35,256,8.346000,0.000000,12.041000
2352,1664949500.375073,218,256,0,256,203,0,0,38,256,8.351000,0.000000,11.734000
2353,1664949500.475073,225,256,0,256,204,0,0,33,256,8.543000,0.000000,12.038000
2354,1664949500.575073,231,256,0,256,208,0,0,25,256,8.340000,0.000000,11.713000
2355,1664949500.675073,233,256,0,256,199,0,0,24,256,8.498000,0.000000,12.120000
2356,1664949500.775073,233,256,0,256,200,0,0,24,256,8.011000,0.000000,11.599000
2357,1664949500.875073,229,256,0,256,199,0,0,29,256,7.929000,0.000000,11.500000
2358,1664949500.975073,231,256,0,256,203,0,0,25,256,8.179000,0.000000,11.705000
2359,1664949501.075073,229,256,0,256,198,0,0,29,256,7.686000,0.000000,11.484000
2360,1664949501.175073,228,256,0,256,195,0,0,28,256,8.289000,0.000000,11.843000
2361,1664949501.275073,231,256,0,256,206,0,0,26,256,8.442000,0.000000,11.906000
2362,1664949501.375073,236,256,0,256,200,0,0,23,256,8.326000,0.000000,11.709000
2363,1664949501.475073,230,256,0,256,209,0,0,26,256,8.149000,0.000000,11.885000
2364,1664949501.575073,234,256,0,256,204,0,0,24,256,7.960000,0.000000,11.581000
2365,1664949501.675073,235,256,0,256,206,0,0,25,256,8.332000,0.000000,11.955000
2366,1664949501.775073,228,256,0,256,198,0,0,30,256,8.046000,0.000000,11.411000
2367,1664949501.875073,235,256,0,256,203,0,0,24,256,8.016000,0.000000,11.395000
2368,1664949501.975073,227,256,0,256,205,0,0,30,256,8.261000,0.000000,11.998000
2369,1664949502.075073,227,256,0,256,208,0,0,32,256,8.278000,0.000000,12.361000
2370,1664949502.175073,228,256,0,256,208,0,0,28,256,8.284000,0.000000,11.748000
2371,1664949502.275073,232,256,0,256,211,0,0,24,256,8.308000,0.000000,11.481000
2372,1664949502.375073,230,256,0,256,202,0,0,29,256,8.281000,0.000000,11.697000
2373,1664949502.475073,231,256,0,256,207,0,0,26,256,8.807000,0.000000,12.310000
2374,1664949502.575073,233,256,0,256,214,0,0,24,256,8.482000,0.000000,12.254000
2375,1664949502.675073,228,256,0,256,217,0,0,28,256,8.616000,0.000000,11.926000
2376,1664949502.775073,234,256,0,256,211,0,0,26,256,8.533000,0.000000,12.227000
2377,1664949502.875073,231,256,0,256,209,0,0,25,256,8.532000,0.000000,12.009000
2378,1664949502.975073,236,256,0,256,211,0,0,20,256,7.977000,0.000000,11.464000
2379,1664949503.075073,243,256,0,256,213,0,0,16,256,8.392000,0.000000,12.322000
2380,1664949503.175073,236,256,0,256,204,0,0,22,256,8.438000,0.000000,12.015000
2381,1664949503.275073,233,256,0,256,198,0,0,26,256,8.568000,0.000000,11.970000
2382,1664949503.375073,236,256,0,256,202,0,0,21,256,8.318000,0.000000,11.647000
2383,1664949503.475073,240,256,0,256,212,0,0,18,256,8.417000,0.000000,12.006000
2384,1664949503.575073,240,256,0,256,199,0,0,17,256,8.438000,0.000000,11.995000
2385,1664949503.675073,238,256,0,256,210,0,0,18,256,7.697000,0.000000,11.652000
2386,1664949503.775073,244,256,0,256,205,0,0,13,256,8.640000,0.000000,12.018000
2387,1664949503.875077,239,256,0,256,203,0,0,18,256,9.159000,0.000000,13.052000
2388,1664949503.975080,235,256,0,256,197,0,0,22,256,8.318000,0.000000,11.730000
2389,1664949504.075084,236,256,0,256,194,0,0,20,256,8.612000,0.000000,12.095000
2390,1664949504.175087,240,256,0,256,193,0,0,17,256,8.233000,0.000000,11.753000
2391,1664949504.275090,235,256,0,256,192,0,0,21,256,7.919000,0.000000,11.200000
2392,1664949504.375092,244,256,0,256,198,0,0,15,256,7.951000,0.000000,11.651000
2393,1664949504.475094,232,256,0,256,196,0,0,26,256,10.064000,0.000000,13.651000
2394,1664949504.575096,239,256,0,256,190,0,0,20,256,8.420000,0.000000,12.136000
2395,1664949504.675097,239,256,0,256,192,0,0,18,256,8.011000,0.000000,12.073000
2396,1664949504.775099,231,256,0,256,188,0,0,27,256,8.412000,0.000000,12.300000
2397,1664949504.875100,237,256,0,256,190,0,0,20,256,8.763000,0.000000,12.122000
2398,1664949504.975101,227,256,0,256,172,0,0,30,256,8.036000,0.000000,11.824000
2399,1664949505.075102,231,256,0,256,175,0,0,26,256,7.895000,0.000000,11.424000
2400,1664949505.175103,231,256,0,256,177,0,0,27,256,8.125000,0.000000,11.811000
2401,1664949505.275104,232,256,0,256,179,0,0,27,256,8.512000,0.000000,11.824000
2402,1664949505.375105,229,256,0,256,175,0,0,28,256,8.331000,0.000000,12.037000
2403,1664949505.475106,224,256,0,256,170,0,0,33,256,8.518000,0.000000,12.022000
2404,1664949505.575107,223,256,0,256,173,0,0,35,256,8.515000,0.000000,12.245000
2405,1664949505.675107,226,256,0,256,179,0,0,31,256,8.466000,0.000000,12.117000
2406,1664949505.775109,227,256,0,256,179,0,0,31,256,7.972000,0.000000,11.611000
2407,1664949505.875109,235,256,0,256,185,0,0,25,256,8.254000,0.000000,11.458000
2408,1664949505.975109,234,256,0,256,179,0,0,22,256,8.307000,0.000000,11.879000
2409,1664949506.075109,234,256,0,256,175,0,0,22,256,8.318000,0.000000,11.905000
2410,1664949506.175109,225,256,0,256,164,0,0,33,256,9.490000,0.000000,13.202000
2411,1664949506.275109,230,256,0,256,140,0,0,29,256,9.185000,0.000000,13.494000
2412,1664949506.375109,226,256,0,256,139,0,0,34,256,8.411000,0.000000,12.153000
2413,1664949506.475109,224,256,0,256,132,0,0,33,256,7.994000,0.000000,11.700000
2414,1664949506.575109,223,256,0,256,134,0,0,33,256,8.116000,0.000000,11.890000
2415,1664949506.675109,225,256,0,256,144,0,0,33,256,7.985000,0.000000,11.643000
2416,1664949506.775109,219,256,0,256,131,0,0,37,256,8.432000,0.000000,12.322000
2417,1664949506.875109,218,256,0,256,124,0,0,38,256,7.984000,0.000000,11.603000
2418,1664949506.975109,212,256,0,256,127,0,0,47,256,7.918000,0.000000,11.783000
2419,1664949507.075109,216,256,0,256,120,0,0,40,256,8.336000,0.000000,12.026000
2420,1664949507.175109,223,256,0,256,124,0,0,34,256,8.409000,0.000000,12.156000
2421,1664949507.275109,218,256,0,256,120,0,0,38,256,8.400000,0.000000,12.136000
2422,1664949507.375109,208,256,0,256,110,0,0,48,256,8.544000,0.000000,12.484000
2423,1664949507.475109,216,256,0,256,108,0,0,43,256,8.024000,0.000000,11.876000
2424,1664949507.575109,214,256,0,256,107,0,0,42,256,8.109000,0.000000,12.099000
2425,1664949507.675109,209,256,0,256,107,0,0,47,256,7.973000,0.000000,11.895000
2426,1664949507.775109,205,256,0,256,97,0,0,51,256,7.707000,0.000000,11.361000
2427,1664949507.875109,191,256,0,256,94,0,0,67,256,8.157000,0.000000,12.314000
2428,1664949507.975109,196,256,0,256,83,0,0,60,256,8.081000,0.000000,12.096000
2429,1664949508.075109,191,256,0,256,92,0,0,65,256,7.664000,0.000000,11.799000
2430,1664949508.175109,196,256,0,256,95,0,0,61,256,8.493000,0.000000,12.178000
2431,1664949508.275109,182,256,0,256,108,0,0,74,256,7.809000,0.000000,11.621000
2432,1664949508.375109,174,256,0,256,114,0,0,84,256,8.155000,0.000000,11.941000
2433,1664949508.475109,180,256,0,256,123,0,0,78,256,7.638000,0.000000,11.456000
2434,1664949508.575109,187,256,0,256,120,0,0,72,256,8.529000,0.000000,12.440000
2435,1664949508.675109,185,256,0,256,125,0,0,75,256,8.305000,0.000000,12.214000
2436,1664949508.775109,185,256,0,256,136,0,0,71,256,7.668000,0.000000,11.290000
2437,1664949508.875109,180,256,0,256,149,0,0,77,256,7.913000,0.000000,11.299000
2438,1664949508.975109,187,256,0,256,159,0,0,70,256,8.507000,0.000000,12.033000
2439,1664949509.075108,187,256,0,256,167,0,0,70,256,8.329000,0.000000,11.655000
2440,1664949509.175103,190,256,0,256,174,0,0,66,256,8.569000,0.000000,11.789000
2441,1664949509.275099,203,256,0,256,170,0,0,54,256,8.511000,0.000000,11.877000
2442,1664949509.375095,209,256,0,256,175,0,0,47,256,8.450000,0.000000,11.836000
2443,1664949509.475092,227,256,0,256,190,0,0,29,256,8.367000,0.000000,11.619000
2444,1664949509.575091,228,256,0,256,200,0,0,28,256,8.403000,0.000000,11.818000
2445,1664949509.675090,240,256,0,256,211,0,0,17,256,8.202000,0.000000,11.423000
2446,1664949509.775089,238,256,0,256,214,0,0,19,256,8.380000,0.000000,11.881000
2447,1664949509.875087,236,256,0,256,203,0,0,25,256,8.441000,0.000000,11.936000
2448,1664949509.975086,235,256,0,256,209,0,0,22,256,8.055000,0.000000,11.489000
2449,1664949510.075085,239,256,0,256,211,0,0,19,256,8.405000,0.000000,11.902000
2450,1664949510.175084,246,256,0,256,212,0,0,10,256,8.226000,0.000000,11.697000
2451,1664949510.275083,243,256,0,256,204,0,0,14,256,7.687000,0.000000,11.265000
2452,1664949510.375082,245,256,0,256,195,0,0,13,256,8.410000,0.000000,12.098000
2453,1664949510.475081,243,256,0,256,200,0,0,17,256,8.331000,0.000000,11.546000
2454,1664949510.575081,238,256,0,256,193,0,0,18,256,7.688000,0.000000,11.058000
2455,1664949510.675081,238,256,0,256,187,0,0,20,256,8.471000,0.000000,11.932000
2456,1664949510.775080,241,256,0,256,192,0,0,17,256,7.912000,0.000000,11.654000
2457,1664949510.875080,238,256,0,256,188,0,0,19,256,7.895000,0.000000,11.111000
2458,1664949510.975079,235,256,0,256,186,0,0,21,256,8.450000,0.000000,12.122000
2459,1664949511.075079,235,256,0,256,184,0,0,21,256,8.417000,0.000000,12.080000
2460,1664949511.175079,235,256,0,256,189,0,0,21,256,7.842000,0.000000,11.189000
2461,1664949511.275079,238,256,0,256,187,0,0,20,256,8.371000,0.000000,11.879000
2462,1664949511.375079,238,256,0,256,187,0,0,18,256,8.199000,0.000000,11.660000
2463,1664949511.475079,237,256,0,256,193,0,0,22,256,8.292000,0.000000,12.495000
2464,1664949511.575079,236,256,0,256,190,0,0,21,256,8.235000,0.000000,12.420000
2465,1664949511.675079,233,256,0,256,189,0,0,24,256,7.732000,0.000000,11.219000
2466,1664949511.775079,239,256,0,256,198,0,0,18,256,8.282000,0.000000,12.077000
2467,1664949511.875079,242,256,0,256,202,0,0,16,256,8.505000,0.000000,11.951000
2468,1664949511.975079,242,256,0,256,197,0,0,16,256,8.173000,0.000000,11.768000
2469,1664949512.075079,246,256,0,256,194,0,0,10,256,8.319000,0.000000,11.912000
2470,1664949512.175079,244,256,0,256,185,0,0,16,256,7.972000,0.000000,11.327000
2471,1664949512.275079,243,256,0,256,192,0,0,13,256,8.269000,0.000000,11.809000
2472,1664949512.375079,247,256,0,256,195,0,0,11,256,8.210000,0.000000,11.682000
2473,1664949512.475079,248,256,0,256,196,0,0,11,256,8.233000,0.000000,11.547000
2474,1664949512.575079,247,256,0,256,189,0,0,10,256,8.322000,0.000000,12.015000
2475,1664949512.675079,246,256,0,256,193,0,0,13,256,8.014000,0.000000,11.502000
2476,1664949512.775079,242,256,0,256,195,0,0,14,256,8.210000,0.000000,11.753000
2477,1664949512.875079,241,256,0,256,190,0,0,18,256,7.982000,0.000000,11.660000
2478,1664949512.975079,241,256,0,256,197,0,0,18,256,8.257000,0.000000,11.883000
2479,1664949513.075079,246,256,0,256,196,0,0,11,256,8.161000,0.000000,11.934000
2480,1664949513.175079,243,256,0,256,194,0,0,14,256,8.220000,0.000000,11.728000
2481,1664949513.275079,248,256,0,256,197,0,0,8,256,7.988000,0.000000,11.423000
2482,1664949513.375079,242,256,0,256,201,0,0,15,256,7.932000,0.000000,11.643000
2483,1664949513.475079,247,256,0,256,192,0,0,11,256,8.109000,0.000000,11.438000
2484,1664949513.575079,244,256,0,256,189,0,0,14,256,8.466000,0.000000,11.994000
2485,1664949513.675079,246,256,0,256,185,0,0,13,256,8.427000,0.000000,11.819000
2486,1664949513.775082,247,256,0,256,187,0,0,9,256,7.912000,0.000000,11.394000
2487,1664949513.875086,250,256,0,256,181,0,0,8,256,8.321000,0.000000,11.786000
2488,1664949513.975090,245,256,0,256,182,0,0,11,256,7.696000,0.000000,11.145000
2489,1664949514.075093,241,256,0,256,180,0,0,17,256,7.831000,0.000000,11.333000
2490,1664949514.175097,242,256,0,256,185,0,0,15,256,8.518000,0.000000,12.268000
2491,1664949514.275100,236,256,0,256,184,0,0,23,256,7.672000,0.000000,11.135000
2492,1664949514.375104,234,256,0,256,182,0,0,24,256,8.334000,0.000000,12.110000
2493,1664949514.475106,231,256,0,256,183,0,0,25,256,7.985000,0.000000,11.835000
2494,1664949514.575110,240,256,0,256,171,0,0,19,256,7.970000,0.000000,11.398000
2495,1664949514.675112,238,256,0,256,177,0,0,19,256,8.262000,0.000000,11.927000
2496,1664949514.775114,241,256,0,256,168,0,0,19,256,7.711000,0.000000,11.523000
2497,1664949514.875117,236,256,0,256,169,0,0,21,256,8.009000,0.000000,11.766000
2498,1664949514.975118,236,256,0,256,157,0,0,23,256,8.211000,0.000000,11.751000
2499,1664949515.075120,232,256,0,256,151,0,0,27,256,8.234000,0.000000,11.790000
2500,1664949515.175122,225,256,0,256,155,0,0,31,256,7.979000,0.000000,11.510000
2501,1664949515.275125,227,256,0,256,156,0,0,32,256,8.159000,0.000000,11.794000
2502,1664949515.375126,220,256,0,256,154,0,0,38,256,8.466000,0.000000,12.151000
2503,1664949515.475128,226,256,0,256,148,0,0,31,256,8.487000,0.000000,12.318000
2504,1664949515.575130,247,256,0,256,147,0,0,13,256,7.881000,0.000000,11.354000
2505,1664949515.675132,245,256,0,256,149,0,0,11,256,8.478000,0.000000,12.109000
2506,1664949515.775132,247,256,0,256,153,0,0,11,256,8.209000,0.000000,11.556000
2507,1664949515.875132,245,256,0,256,165,0,0,16,256,8.291000,0.000000,11.863000
2508,1664949515.975132,246,256,0,256,168,0,0,12,256,8.290000,0.000000,12.027000
2509,1664949516.075132,255,256,0,256,161,0,0,2,256,8.961000,0.000000,13.367000
2510,1664949516.175132,252,256,0,256,165,0,0,4,256,9.007000,0.000000,13.447000
2511,1664949516.275132,254,256,0,256,165,0,0,4,256,7.955000,0.000000,11.667000
2512,1664949516.375132,250,256,0,256,160,0,0,7,256,8.072000,0.000000,11.884000
2513,1664949516.475132,253,256,0,256,163,0,0,4,256,9.519000,0.000000,13.313000
2514,1664949516.575132,247,256,0,256,168,0,0,13,256,9.500000,0.000000,13.223000
2515,1664949516.675132,249,256,0,256,158,0,0,10,256,9.403000,0.000000,13.569000
2516,1664949516.775132,240,256,0,256,154,0,0,17,256,8.910000,0.000000,12.896000
2517,1664949516.875132,241,256,0,256,146,0,0,18,256,8.478000,0.000000,12.332000
2518,1664949516.975132,240,256,0,256,147,0,0,18,256,7.841000,0.000000,11.512000
2519,1664949517.075132,248,256,0,256,160,0,0,9,256,8.458000,0.000000,11.970000
2520,1664949517.175132,246,256,0,256,158,0,0,10,256,9.512000,0.000000,13.249000
2521,1664949517.275132,250,256,0,256,149,0,0,8,256,9.886000,0.000000,13.725000
2522,1664949517.375132,243,256,0,256,154,0,0,14,256,8.441000,0.000000,11.960000
2523,1664949517.475132,246,256,0,256,156,0,0,12,256,7.980000,0.000000,11.585000
2524,1664949517.575132,236,256,0,256,153,0,0,20,256,8.199000,0.000000,12.592000
2525,1664949517.675132,246,256,0,256,148,0,0,12,256,7.658000,0.000000,11.451000
2526,1664949517.775132,246,256,0,256,156,0,0,15,256,7.658000,0.000000,11.694000
2527,1664949517.875132,230,256,0,256,147,0,0,28,256,7.853000,0.000000,11.825000
2528,1664949517.975136,230,256,0,256,137,0,0,26,256,7.878000,0.000000,11.675000
2529,1664949518.075144,240,256,0,256,128,0,0,19,256,8.223000,0.000000,12.175000
2530,1664949518.175150,229,256,0,256,122,0,0,27,256,8.277000,0.000000,12.056000
2531,1664949518.275155,240,256,0,256,125,0,0,16,256,8.174000,0.000000,12.097000
2532,1664949518.375160,239,256,0,256,126,0,0,19,256,8.223000,0.000000,12.028000
2533,1664949518.475163,239,256,0,256,126,0,0,17,256,8.239000,0.000000,12.154000
2534,1664949518.575167,237,256,0,256,121,0,0,23,256,8.192000,0.000000,12.026000
2535,1664949518.675170,238,256,0,256,110,0,0,21,256,8.032000,0.000000,12.105000
2536,1664949518.775173,229,256,0,256,126,0,0,29,256,8.216000,0.000000,12.062000
2537,1664949518.875175,230,256,0,256,121,0,0,31,256,8.292000,0.000000,12.478000
2538,1664949518.975177,233,256,0,256,121,0,0,25,256,8.177000,0.000000,12.670000
2539,1664949519.075180,227,256,0,256,129,0,0,32,256,8.000000,0.000000,12.004000
2540,1664949519.175182,225,256,0,256,123,0,0,36,256,7.781000,0.000000,11.449000
2541,1664949519.275184,229,256,0,256,120,0,0,28,256,7.879000,0.000000,11.963000
2542,1664949519.375187,235,256,0,256,116,0,0,22,256,8.228000,0.000000,12.470000
2543,1664949519.475188,237,256,0,256,113,0,0,21,256,8.217000,0.000000,12.243000
2544,1664949519.575191,235,256,0,256,117,0,0,23,256,8.238000,0.000000,12.155000
2545,1664949519.675194,229,256,0,256,117,0,0,29,256,7.689000,0.000000,11.675000
2546,1664949519.775196,229,256,0,256,115,0,0,28,256,8.319000,0.000000,12.517000
2547,1664949519.875199,233,256,0,256,125,0,0,28,256,8.372000,0.000000,12.312000
2548,1664949519.975200,228,256,0,256,115,0,0,32,256,8.286000,0.000000,12.652000
2549,1664949520.075201,228,256,0,256,112,0,0,30,256,8.301000,0.000000,12.225000
2550,1664949520.175200,235,256,0,256,116,0,0,21,256,8.284000,0.000000,11.952000
2551,1664949520.275201,236,256,0,256,124,0,0,20,256,8.167000,0.000000,12.147000
2552,1664949520.375201,234,256,0,256,132,0,0,27,256,8.196000,0.000000,12.200000
2553,1664949520.475200,238,256,0,256,137,0,0,19,256,8.194000,0.000000,12.063000
2554,1664949520.575201,237,256,0,256,125,0,0,22,256,7.681000,0.000000,11.667000
2555,1664949520.675200,228,256,0,256,127,0,0,28,256,8.255000,0.000000,12.131000
2556,1664949520.775201,227,256,0,256,135,0,0,33,256,8.193000,0.000000,12.230000
2557,1664949520.875201,235,256,0,256,135,0,0,22,256,8.430000,0.000000,12.188000
2558,1664949520.975200,235,256,0,256,136,0,0,22,256,8.211000,0.000000,12.335000
2559,1664949521.075201,235,256,0,256,144,0,0,22,256,7.751000,0.000000,11.478000
2560,1664949521.175200,233,256,0,256,152,0,0,25,256,8.325000,0.000000,13.109000
2561,1664949521.275201,234,256,0,256,159,0,0,25,256,7.844000,0.000000,11.475000
2562,1664949521.375201,239,256,0,256,158,0,0,18,256,7.673000,0.000000,11.451000
2563,1664949521.475200,244,256,0,256,160,0,0,18,256,7.988000,0.000000,11.897000
2564,1664949521.575201,233,256,0,256,153,0,0,26,256,7.840000,0.000000,11.532000
2565,1664949521.675200,239,256,0,256,164,0,0,18,256,7.887000,0.000000,11.619000
2566,1664949521.775201,243,256,0,256,166,0,0,14,256,8.163000,0.000000,12.219000
2567,1664949521.875201,249,256,0,256,169,0,0,12,256,8.402000,0.000000,12.806000
2568,1664949521.975200,249,256,0,256,175,0,0,7,256,8.021000,0.000000,11.593000
2569,1664949522.075201,246,256,0,256,172,0,0,14,256,8.176000,0.000000,11.858000
2570,1664949522.175200,246,256,0,256,177,0,0,13,256,8.005000,0.000000,11.627000
2571,1664949522.275201,250,256,0,256,182,0,0,8,256,8.196000,0.000000,11.797000
2572,1664949522.375201,250,256,0,256,176,0,0,8,256,8.329000,0.000000,13.204000
2573,1664949522.475200,251,256,0,256,171,0,0,10,256,8.332000,0.000000,11.998000
2574,1664949522.575201,248,256,0,256,170,0,0,11,256,8.260000,0.000000,11.864000
2575,1664949522.675200,242,256,0,256,163,0,0,17,256,8.231000,0.000000,12.007000
2576,1664949522.775201,243,256,0,256,170,0,0,15,256,8.154000,0.000000,11.896000
2577,1664949522.875201,247,256,0,256,167,0,0,11,256,10.366000,0.000000,14.029000
2578,1664949522.975200,246,256,0,256,168,0,0,13,256,10.728000,0.000000,15.338000
2579,1664949523.075201,244,256,0,256,173,0,0,14,256,8.007000,0.000000,11.756000
2580,1664949523.175200,245,256,0,256,173,0,0,12,256,8.062000,0.000000,12.028000
2581,1664949523.275201,247,256,0,256,161,0,0,12,256,7.938000,0.000000,12.337000
2582,1664949523.375201,242,256,0,256,162,0,0,18,256,8.375000,0.000000,12.470000
2583,1664949523.475200,235,256,0,256,154,0,0,23,256,8.165000,0.000000,11.993000
2584,1664949523.575201,238,256,0,256,159,0,0,21,256,8.289000,0.000000,12.138000
2585,1664949523.675200,241,256,0,256,164,0,0,16,256,7.897000,0.000000,12.495000
2586,1664949523.775201,237,256,0,256,165,0,0,22,256,8.197000,0.000000,12.194000
2587,1664949523.875201,239,256,0,256,171,0,0,19,256,8.345000,0.000000,12.082000
2588,1664949523.975200,245,256,0,256,171,0,0,15,256,8.207000,0.000000,11.804000
2589,1664949524.075201,246,256,0,256,171,0,0,12,256,8.225000,0.000000,11.964000
2590,1664949524.175200,245,256,0,256,174,0,0,12,256,7.883000,0.000000,12.126000
2591,1664949524.275201,244,256,0,256,171,0,0,15,256,8.724000,0.000000,12.580000
2592,1664949524.375201,242,256,0,256,169,0,0,16,256,9.048000,0.000000,13.774000
2593,1664949524.475200,244,256,0,256,167,0,0,13,256,8.282000,0.000000,12.250000
2594,1664949524.575201,239,256,0,256,173,0,0,17,256,7.874000,0.000000,11.557000
2595,1664949524.675200,242,256,0,256,180,0,0,15,256,8.259000,0.000000,11.731000
2596,1664949524.775201,239,256,0,256,180,0,0,22,256,7.917000,0.000000,11.920000
2597,1664949524.875201,243,256,0,256,195,0,0,14,256,8.580000,0.000000,12.888000
2598,1664949524.975200,251,256,0,256,209,0,0,7,256,8.216000,0.000000,11.768000
2599,1664949525.075201,250,256,0,256,203,0,0,9,256,7.684000,0.000000,11.468000
2600,1664949525.175200,250,256,0,256,197,0,0,8,256,8.200000,0.000000,12.251000
2601,1664949525.275201,248,256,0,256,197,0,0,11,256,9.582000,0.000000,14.140000
2602,1664949525.375201,250,256,0,256,185,0,0,7,256,8.317000,0.000000,12.310000
2603,1664949525.475200,251,256,0,256,192,0,0,6,256,8.238000,0.000000,11.868000
2604,1664949525.575201,254,256,0,256,190,0,0,4,256,8.213000,0.000000,11.812000
2605,1664949525.675200,249,256,0,256,195,0,0,9,256,8.881000,0.000000,12.331000
2606,1664949525.775201,253,256,0,256,183,0,0,3,256,8.016000,0.000000,11.721000
2607,1664949525.875201,254,256,0,256,188,0,0,6,256,7.990000,0.000000,11.523000
2608,1664949525.975200,251,256,0,256,182,0,0,9,256,8.227000,0.000000,11.633000
2609,1664949526.075201,248,256,0,256,196,0,0,10,256,8.315000,0.000000,11.915000
2610,1664949526.175200,249,256,0,256,188,0,0,8,256,7.997000,0.000000,11.946000
2611,1664949526.275201,247,256,0,256,182,0,0,11,256,11.072000,0.000000,16.033000
2612,1664949526.375201,242,256,0,256,184,0,0,16,256,8.415000,0.000000,12.540000
2613,1664949526.475200,248,256,0,256,171,0,0,12,256,8.291000,0.000000,13.100000
2614,1664949526.575201,241,256,0,256,190,0,0,16,256,8.032000,0.000000,11.910000
2615,1664949526.675200,239,256,0,256,181,0,0,18,256,7.900000,0.000000,11.571000
2616,1664949526.775201,244,256,0,256,186,0,0,17,256,7.946000,0.000000,11.850000
2617,1664949526.875201,237,256,0,256,185,0,0,24,256,8.330000,0.000000,12.504000
2618,1664949526.975200,243,256,0,256,186,0,0,15,256,8.263000,0.000000,12.081000
2619,1664949527.075201,242,256,0,256,187,0,0,18,256,7.696000,0.000000,11.451000
2620,1664949527.175200,241,256,0,256,174,0,0,15,256,8.292000,0.000000,12.201000
2621,1664949527.275201,245,256,0,256,173,0,0,13,256,8.906000,0.000000,12.563000
2622,1664949527.375201,240,256,0,256,165,0,0,17,256,8.289000,0.000000,12.320000
2623,1664949527.475200,240,256,0,256,176,0,0,17,256,10.302000,0.000000,14.455000
2624,1664949527.575201,236,256,0,256,178,0,0,22,256,8.519000,0.000000,12.354000
2625,1664949527.675200,241,256,0,256,181,0,0,15,256,8.289000,0.000000,12.206000
2626,1664949527.775201,250,256,0,256,180,0,0,9,256,8.128000,0.000000,12.253000
2627,1664949527.875201,254,256,0,256,181,0,0,3,256,8.100000,0.000000,11.389000
2628,1664949527.975200,251,256,0,256,185,0,0,5,256,8.280000,0.000000,12.034000
2629,1664949528.075201,248,256,0,256,186,0,0,9,256,8.094000,0.000000,11.698000
2630,1664949528.175200,251,256,0,256,190,0,0,7,256,8.267000,0.000000,11.545000
2631,1664949528.275201,249,256,0,256,192,0,0,9,256,7.974000,0.000000,11.510000
2632,1664949528.375201,251,256,0,256,190,0,0,6,256,7.977000,0.000000,11.810000
2633,1664949528.475200,254,256,0,256,198,0,0,3,256,8.140000,0.000000,11.668000
2634,1664949528.575201,250,256,0,256,205,0,0,7,256,7.641000,0.000000,11.153000
2635,1664949528.675200,255,256,0,256,194,0,0,1,256,7.852000,0.000000,11.303000
2636,1664949528.775201,254,256,0,256,194,0,0,3,256,8.187000,0.000000,11.607000
2637,1664949528.875201,251,256,0,256,192,0,0,8,256,11.354000,0.000000,15.533000
2638,1664949528.975200,250,256,0,256,183,0,0,10,256,8.665000,0.000000,12.479000
2639,1664949529.075201,245,256,0,256,182,0,0,15,256,8.392000,0.000000,12.329000
2640,1664949529.175200,244,256,0,256,189,0,0,12,256,7.854000,0.000000,11.539000
2641,1664949529.275201,249,256,0,256,180,0,0,8,256,8.185000,0.000000,11.382000
2642,1664949529.375201,253,256,0,256,184,0,0,5,256,7.858000,0.000000,11.368000
2643,1664949529.475200,251,256,0,256,179,0,0,5,256,8.287000,0.000000,11.786000
2644,1664949529.575201,247,256,0,256,174,0,0,12,256,8.184000,0.000000,11.659000
2645,1664949529.675200,245,256,0,256,185,0,0,11,256,7.656000,0.000000,11.192000
2646,1664949529.775201,248,256,0,256,181,0,0,9,256,7.999000,0.000000,11.432000
2647,1664949529.875201,240,256,0,256,180,0,0,18,256,7.982000,0.000000,11.745000
2648,1664949529.975200,231,256,0,256,178,0,0,26,256,8.204000,0.000000,11.539000
2649,1664949530.075201,241,256,0,256,180,0,0,17,256,7.865000,0.000000,11.554000
2650,1664949530.175200,248,256,0,256,174,0,0,11,256,7.854000,0.000000,11.346000
2651,1664949530.275201,246,256,0,256,177,0,0,10,256,8.297000,0.000000,11.681000
2652,1664949530.375201,243,256,0,256,167,0,0,15,256,9.266000,0.000000,13.757000
2653,1664949530.475200,249,256,0,256,175,0,0,10,256,9.032000,0.000000,13.638000
2654,1664949530.575201,247,256,0,256,181,0,0,11,256,8.321000,0.000000,11.986000
2655,1664949530.675200,245,256,0,256,185,0,0,14,256,8.217000,0.000000,11.770000
2656,1664949530.775201,249,256,0,256,181,0,0,7,256,8.200000,0.000000,11.786000
2657,1664949530.875201,250,256,0,256,172,0,0,7,256,7.658000,0.000000,11.170000
2658,1664949530.975200,249,256,0,256,172,0,0,7,256,9.225000,0.000000,13.108000
2659,1664949531.075201,246,256,0,256,171,0,0,10,256,9.266000,0.000000,13.555000
2660,1664949531.175200,249,256,0,256,178,0,0,7,256,7.878000,0.000000,11.486000
2661,1664949531.275201,248,256,0,256,173,0,0,11,256,8.246000,0.000000,13.418000
2662,1664949531.375201,247,256,0,256,168,0,0,10,256,8.246000,0.000000,13.320000
2663,1664949531.475200,241,256,0,256,184,0,0,20,256,7.678000,0.000000,12.208000
2664,1664949531.575201,241,256,0,256,169,0,0,15,256,8.287000,0.000000,11.690000
2665,1664949531.675200,245,256,0,256,174,0,0,11,256,8.158000,0.000000,11.559000
2666,1664949531.775201,244,256,0,256,176,0,0,14,256,8.190000,0.000000,11.908000
2667,1664949531.875201,241,256,0,256,179,0,0,15,256,9.345000,0.000000,13.021000
2668,1664949531.975200,248,256,0,256,176,0,0,12,256,9.347000,0.000000,13.263000
2669,1664949532.075201,246,256,0,256,189,0,0,12,256,8.611000,0.000000,12.520000
2670,1664949532.175200,248,256,0,256,189,0,0,10,256,7.923000,0.000000,11.721000
2671,1664949532.275201,250,256,0,256,190,0,0,10,256,8.222000,0.000000,12.024000
2672,1664949532.375201,244,256,0,256,199,0,0,12,256,8.114000,0.000000,12.181000
2673,1664949532.475200,251,256,0,256,201,0,0,6,256,9.331000,0.000000,14.011000
2674,1664949532.575201,249,256,0,256,189,0,0,8,256,8.884000,0.000000,12.896000
2675,1664949532.675200,246,256,0,256,201,0,0,10,256,7.702000,0.000000,10.999000
2676,1664949532.775201,248,256,0,256,204,0,0,11,256,8.226000,0.000000,11.839000
2677,1664949532.875201,244,256,0,256,203,0,0,12,256,7.673000,0.000000,11.605000
2678,1664949532.975200,246,256,0,256,201,0,0,10,256,7.841000,0.000000,11.278000
2679,1664949533.075201,249,256,0,256,199,0,0,7,256,8.324000,0.000000,11.967000
2680,1664949533.175200,243,256,0,256,209,0,0,13,256,8.331000,0.000000,11.553000
2681,1664949533.275201,247,256,0,256,200,0,0,9,256,7.637000,0.000000,11.263000
2682,1664949533.375201,249,256,0,256,188,0,0,7,256,8.285000,0.000000,11.866000
2683,1664949533.475200,251,256,0,256,203,0,0,10,256,7.975000,0.000000,11.545000
2684,1664949533.575201,253,256,0,256,189,0,0,5,256,8.333000,0.000000,11.966000
2685,1664949533.675200,251,256,0,256,195,0,0,5,256,8.007000,0.000000,11.695000
2686,1664949533.775201,254,256,0,256,185,0,0,3,256,7.691000,0.000000,11.245000
2687,1664949533.875201,251,256,0,256,183,0,0,6,256,8.165000,0.000000,12.119000
2688,1664949533.975200,253,256,0,256,187,0,0,4,256,8.293000,0.000000,12.017000
2689,1664949534.075201,250,256,0,256,186,0,0,6,256,8.295000,0.000000,12.406000
2690,1664949534.175200,248,256,0,256,191,0,0,10,256,7.911000,0.000000,11.463000
2691,1664949534.275201,249,256,0,256,195,0,0,7,256,8.164000,0.000000,12.016000
2692,1664949534.375201,245,256,0,256,187,0,0,11,256,9.087000,0.000000,12.894000
2693,1664949534.475200,248,256,0,256,194,0,0,10,256,8.010000,0.000000,12.993000
2694,1664949534.575201,249,256,0,256,199,0,0,10,256,7.674000,0.000000,11.433000
2695,1664949534.675200,252,256,0,256,190,0,0,7,256,8.244000,0.000000,11.698000
2696,1664949534.775201,245,256,0,256,193,0,0,14,256,7.701000,0.000000,11.396000
2697,1664949534.875201,249,256,0,256,195,0,0,9,256,8.243000,0.000000,11.945000
2698,1664949534.975213,250,256,0,256,199,0,0,8,256,8.231000,0.000000,11.892000
2699,1664949535.075224,248,256,0,256,196,0,0,9,256,8.515000,0.000000,11.935000
2700,1664949535.175233,249,256,0,256,195,0,0,9,256,8.579000,0.000000,12.073000
2701,1664949535.275240,253,256,0,256,196,0,0,3,256,8.511000,0.000000,12.325000
2702,1664949535.375247,251,256,0,256,199,0,0,6,256,7.919000,0.000000,11.656000
2703,1664949535.475253,246,256,0,256,184,0,0,11,256,8.256000,0.000000,11.929000
2704,1664949535.575258,249,256,0,256,192,0,0,7,256,8.147000,0.000000,11.824000
2705,1664949535.675262,251,256,0,256,185,0,0,6,256,8.092000,0.000000,11.753000
2706,1664949535.775266,250,256,0,256,179,0,0,6,256,8.223000,0.000000,11.997000
2707,1664949535.875269,251,256,0,256,179,0,0,5,256,8.116000,0.000000,12.055000
2708,1664949535.975272,245,256,0,256,183,0,0,12,256,8.014000,0.000000,11.723000
2709,1664949536.075275,248,256,0,256,183,0,0,10,256,7.860000,0.000000,12.068000
2710,1664949536.175277,249,256,0,256,186,0,0,10,256,8.837000,0.000000,12.590000
2711,1664949536.275280,245,256,0,256,181,0,0,14,256,8.898000,0.000000,13.289000
2712,1664949536.375282,244,256,0,256,183,0,0,13,256,8.681000,0.000000,12.480000
2713,1664949536.475284,247,256,0,256,187,0,0,13,256,8.752000,0.000000,12.498000
2714,1664949536.575286,249,256,0,256,184,0,0,11,256,7.982000,0.000000,11.567000
2715,1664949536.675287,247,256,0,256,181,0,0,13,256,7.959000,0.000000,11.528000
2716,1664949536.775289,244,256,0,256,179,0,0,13,256,8.834000,0.000000,12.797000
2717,1664949536.875290,232,256,0,256,184,0,0,26,256,9.200000,0.000000,13.281000
2718,1664949536.975291,233,256,0,256,176,0,0,23,256,8.612000,0.000000,12.179000
2719,1664949537.075291,245,256,0,256,173,0,0,13,256,7.961000,0.000000,11.688000
2720,1664949537.175291,230,256,0,256,168,0,0,28,256,8.226000,0.000000,11.817000
2721,1664949537.275291,240,256,0,256,160,0,0,18,256,8.216000,0.000000,12.017000
2722,1664949537.375291,246,256,0,256,162,0,0,11,256,8.143000,0.000000,11.807000
2723,1664949537.475291,240,256,0,256,153,0,0,18,256,8.244000,0.000000,11.803000
2724,1664949537.575291,234,256,0,256,156,0,0,23,256,8.330000,0.000000,11.991000
2725,1664949537.675291,233,256,0,256,157,0,0,24,256,8.103000,0.000000,12.059000
2726,1664949537.775291,240,256,0,256,161,0,0,19,256,8.503000,0.000000,12.624000
2727,1664949537.875291,244,256,0,256,159,0,0,15,256,8.958000,0.000000,13.638000
2728,1664949537.975291,240,256,0,256,160,0,0,19,256,7.977000,0.000000,12.282000
2729,1664949538.075291,240,256,0,256,150,0,0,16,256,8.575000,0.000000,13.120000
2730,1664949538.175291,234,256,0,256,157,0,0,23,256,8.508000,0.000000,12.170000
2731,1664949538.275291,236,256,0,256,162,0,0,21,256,7.881000,0.000000,11.528000
2732,1664949538.375291,225,256,0,256,161,0,0,31,256,8.421000,0.000000,12.149000
2733,1664949538.475291,233,256,0,256,146,0,0,23,256,8.231000,0.000000,12.003000
2734,1664949538.575291,229,256,0,256,153,0,0,29,256,8.203000,0.000000,13.122000
2735,1664949538.675291,231,256,0,256,152,0,0,27,256,8.219000,0.000000,11.778000
2736,1664949538.775291,225,256,0,256,165,0,0,34,256,7.895000,0.000000,11.642000
2737,1664949538.875291,231,256,0,256,172,0,0,26,256,7.871000,0.000000,11.799000
2738,1664949538.975291,235,256,0,256,170,0,0,25,256,7.667000,0.000000,11.106000
2739,1664949539.075291,240,256,0,256,183,0,0,19,256,8.271000,0.000000,11.578000
2740,1664949539.175291,239,256,0,256,181,0,0,19,256,8.005000,0.000000,11.436000
2741,1664949539.275291,244,256,0,256,175,0,0,13,256,7.923000,0.000000,11.282000
2742,1664949539.375291,238,256,0,256,193,0,0,19,256,8.237000,0.000000,11.746000
2743,1664949539.475291,245,256,0,256,191,0,0,12,256,8.212000,0.000000,11.838000
2744,1664949539.575291,232,256,0,256,191,0,0,25,256,8.310000,0.000000,11.912000
2745,1664949539.675291,246,256,0,256,185,0,0,12,256,8.224000,0.000000,11.770000
2746,1664949539.775291,252,256,0,256,189,0,0,6,256,8.169000,0.000000,11.834000
2747,1664949539.875291,248,256,0,256,187,0,0,12,256,8.215000,0.000000,11.817000
2748,1664949539.975291,247,256,0,256,179,0,0,9,256,8.999000,0.000000,13.019000
2749,1664949540.075291,245,256,0,256,188,0,0,13,256,9.084000,0.000000,12.984000
2750,1664949540.175291,242,256,0,256,188,0,0,16,256,10.454000,0.000000,14.238000
2751,1664949540.275291,242,256,0,256,182,0,0,14,256,8.106000,0.000000,11.758000
2752,1664949540.375291,248,256,0,256,188,0,0,10,256,8.134000,0.000000,11.762000
2753,1664949540.475291,247,256,0,256,179,0,0,11,256,8.573000,0.000000,13.094000
2754,1664949540.575291,239,256,0,256,179,0,0,18,256,8.115000,0.000000,11.703000
2755,1664949540.675291,245,256,0,256,182,0,0,13,256,8.273000,0.000000,11.888000
2756,1664949540.775291,241,256,0,256,184,0,0,16,256,8.392000,0.000000,12.179000
2757,1664949540.875291,241,256,0,256,180,0,0,15,256,8.209000,0.000000,12.034000
2758,1664949540.975291,245,256,0,256,179,0,0,13,256,8.271000,0.000000,12.116000
2759,1664949541.075291,243,256,0,256,182,0,0,16,256,7.965000,0.000000,11.354000
2760,1664949541.175291,241,256,0,256,176,0,0,16,256,8.201000,0.000000,11.760000
2761,1664949541.275291,244,256,0,256,176,0,0,13,256,8.211000,0.000000,11.621000
2762,1664949541.375291,240,256,0,256,176,0,0,18,256,7.835000,0.000000,11.295000
2763,1664949541.475291,234,256,0,256,160,0,0,23,256,8.131000,0.000000,11.449000
2764,1664949541.575291,243,256,0,256,165,0,0,14,256,8.039000,0.000000,12.061000
2765,1664949541.675291,229,256,0,256,170,0,0,29,256,7.862000,0.000000,11.588000
2766,1664949541.775291,241,256,0,256,168,0,0,19,256,8.188000,0.000000,11.907000
2767,1664949541.875291,231,256,0,256,175,0,0,30,256,8.228000,0.000000,11.992000
2768,1664949541.975291,237,256,0,256,177,0,0,25,256,8.703000,0.000000,12.745000
2769,1664949542.075291,243,256,0,256,161,0,0,15,256,8.427000,0.000000,12.147000
2770,1664949542.175291,246,256,0,256,160,0,0,11,256,8.371000,0.000000,11.938000
2771,1664949542.275291,237,256,0,256,138,0,0,21,256,9.042000,0.000000,12.840000
2772,1664949542.375291,240,256,0,256,154,0,0,20,256,8.037000,0.000000,11.798000
2773,1664949542.475291,226,256,0,256,163,0,0,32,256,8.462000,0.000000,11.913000
2774,1664949542.575291,231,256,0,256,155,0,0,26,256,8.330000,0.000000,11.638000
2775,1664949542.675291,235,256,0,256,150,0,0,21,256,8.094000,0.000000,11.806000
2776,1664949542.775291,233,256,0,256,153,0,0,26,256,8.079000,0.000000,11.777000
2777,1664949542.875291,228,256,0,256,157,0,0,31,256,8.283000,0.000000,12.277000
2778,1664949542.975291,235,256,0,256,156,0,0,22,256,8.200000,0.000000,12.022000
2779,1664949543.075291,235,256,0,256,161,0,0,23,256,8.488000,0.000000,12.301000
2780,1664949543.175291,236,256,0,256,161,0,0,23,256,8.210000,0.000000,11.909000
2781,1664949543.275291,238,256,0,256,159,0,0,22,256,8.947000,0.000000,12.693000
2782,1664949543.375291,230,256,0,256,153,0,0,27,256,7.931000,0.000000,11.937000
2783,1664949543.475291,233,256,0,256,163,0,0,25,256,7.881000,0.000000,11.937000
2784,1664949543.575291,239,256,0,256,159,0,0,20,256,8.208000,0.000000,11.813000
2785,1664949543.675291,245,256,0,256,162,0,0,12,256,8.170000,0.000000,11.813000
2786,1664949543.775291,241,256,0,256,169,0,0,18,256,8.193000,0.000000,11.821000
2787,1664949543.875291,243,256,0,256,172,0,0,15,256,8.278000,0.000000,12.070000
2788,1664949543.975291,242,256,0,256,173,0,0,16,256,8.205000,0.000000,12.056000
2789,1664949544.075291,242,256,0,256,186,0,0,15,256,8.288000,0.000000,12.751000
2790,1664949544.175291,240,256,0,256,183,0,0,17,256,8.259000,0.000000,11.807000
2791,1664949544.275291,247,256,0,256,184,0,0,12,256,7.815000,0.000000,11.765000
2792,1664949544.375291,251,256,0,256,179,0,0,9,256,7.976000,0.000000,11.728000
2793,1664949544.475291,246,256,0,256,170,0,0,13,256,8.276000,0.000000,11.970000
2794,1664949544.575291,243,256,0,256,180,0,0,15,256,8.423000,0.000000,12.151000
2795,1664949544.675291,239,256,0,256,178,0,0,17,256,7.913000,0.000000,11.532000
2796,1664949544.775291,241,256,0,256,187,0,0,17,256,7.856000,0.000000,11.351000
2797,1664949544.875291,247,256,0,256,188,0,0,12,256,8.249000,0.000000,11.993000
2798,1664949544.975291,246,256,0,256,178,0,0,11,256,8.166000,0.000000,11.780000
2799,1664949545.075291,241,256,0,256,179,0,0,18,256,8.566000,0.000000,12.144000
2800,1664949545.175291,243,256,0,256,188,0,0,14,256,8.409000,0.000000,12.057000
2801,1664949545.275291,246,256,0,256,190,0,0,11,256,8.202000,0.000000,11.956000
2802,1664949545.375291,245,256,0,256,191,0,0,11,256,8.033000,0.000000,11.770000
2803,1664949545.475291,239,256,0,256,195,0,0,19,256,8.496000,0.000000,12.358000
2804,1664949545.575291,237,256,0,256,192,0,0,20,256,8.334000,0.000000,12.183000
2805,1664949545.675291,239,256,0,256,179,0,0,18,256,8.192000,0.000000,11.941000
2806,1664949545.775291,241,256,0,256,174,0,0,16,256,8.165000,0.000000,11.961000
2807,1664949545.875291,237,256,0,256,170,0,0,23,256,8.186000,0.000000,11.769000
2808,1664949545.975291,245,256,0,256,169,0,0,12,256,7.879000,0.000000,11.810000
2809,1664949546.075291,239,256,0,256,164,0,0,17,256,9.730000,0.000000,14.002000
2810,1664949546.175291,239,256,0,256,167,0,0,21,256,9.532000,0.000000,13.715000
2811,1664949546.275291,239,256,0,256,145,0,0,21,256,8.258000,0.000000,12.218000
2812,1664949546.375291,234,256,0,256,151,0,0,22,256,8.257000,0.000000,12.084000
2813,1664949546.475291,234,256,0,256,144,0,0,26,256,7.843000,0.000000,11.937000
2814,1664949546.575291,222,256,0,256,162,0,0,39,256,7.742000,0.000000,11.851000
2815,1664949546.675291,233,256,0,256,156,0,0,25,256,9.444000,0.000000,13.548000
2816,1664949546.775291,219,256,0,256,150,0,0,39,256,9.516000,0.000000,14.374000
2817,1664949546.875291,225,256,0,256,161,0,0,32,256,9.105000,0.000000,12.843000
2818,1664949546.975291,235,256,0,256,167,0,0,24,256,7.859000,0.000000,11.356000
2819,1664949547.075291,227,256,0,256,158,0,0,29,256,8.116000,0.000000,11.792000
2820,1664949547.175291,231,256,0,256,166,0,0,26,256,8.270000,0.000000,11.736000
2821,1664949547.275291,236,256,0,256,181,0,0,22,256,7.860000,0.000000,11.438000
2822,1664949547.375291,237,256,0,256,179,0,0,21,256,8.186000,0.000000,11.670000
2823,1664949547.475291,242,256,0,256,172,0,0,16,256,8.146000,0.000000,11.531000
2824,1664949547.575291,239,256,0,256,187,0,0,19,256,8.419000,0.000000,12.047000
2825,1664949547.675291,242,256,0,256,179,0,0,14,256,8.260000,0.000000,11.625000
2826,1664949547.775291,241,256,0,256,175,0,0,17,256,8.067000,0.000000,11.559000
2827,1664949547.875291,233,256,0,256,169,0,0,24,256,7.923000,0.000000,11.619000
2828,1664949547.975291,238,256,0,256,178,0,0,20,256,8.247000,0.000000,11.550000
2829,1664949548.075291,241,256,0,256,175,0,0,17,256,7.956000,0.000000,11.681000
2830,1664949548.175291,240,256,0,256,172,0,0,16,256,8.183000,0.000000,11.548000
2831,1664949548.275286,236,256,0,256,179,0,0,22,256,8.168000,0.000000,11.760000
2832,1664949548.375275,231,256,0,256,186,0,0,27,256,7.635000,0.000000,11.202000
2833,1664949548.475265,231,256,0,256,185,0,0,26,256,7.845000,0.000000,11.685000
2834,1664949548.575257,244,256,0,256,192,0,0,14,256,7.990000,0.000000,11.610000
2835,1664949548.675251,242,256,0,256,181,0,0,15,256,7.793000,0.000000,11.318000
2836,1664949548.775245,237,256,0,256,192,0,0,21,256,8.098000,0.000000,11.731000
2837,1664949548.875241,240,256,0,256,189,0,0,16,256,7.836000,0.000000,11.673000
2838,1664949548.975238,241,256,0,256,192,0,0,17,256,8.488000,0.000000,12.071000
2839,1664949549.075235,241,256,0,256,189,0,0,15,256,8.125000,0.000000,11.970000
2840,1664949549.175233,238,256,0,256,191,0,0,22,256,8.135000,0.000000,11.675000
2841,1664949549.275232,241,256,0,256,193,0,0,15,256,8.432000,0.000000,11.755000
2842,1664949549.375230,240,256,0,256,191,0,0,17,256,8.233000,0.000000,11.547000
2843,1664949549.475229,245,256,0,256,190,0,0,11,256,8.252000,0.000000,11.621000
2844,1664949549.575228,242,256,0,256,184,0,0,16,256,7.865000,0.000000,11.819000
2845,1664949549.675227,245,256,0,256,192,0,0,11,256,8.208000,0.000000,11.623000
2846,1664949549.775227,245,256,0,256,194,0,0,12,256,8.226000,0.000000,11.681000
2847,1664949549.875226,247,256,0,256,201,0,0,12,256,7.834000,0.000000,11.350000
2848,1664949549.975225,246,256,0,256,197,0,0,13,256,7.833000,0.000000,11.527000
2849,1664949550.075225,243,256,0,256,198,0,0,15,256,8.181000,0.000000,11.792000
2850,1664949550.175225,238,256,0,256,197,0,0,18,256,8.192000,0.000000,11.836000
2851,1664949550.275225,242,256,0,256,193,0,0,16,256,8.207000,0.000000,12.019000
2852,1664949550.375225,231,256,0,256,194,0,0,26,256,7.937000,0.000000,11.506000
2853,1664949550.475225,246,256,0,256,197,0,0,12,256,7.976000,0.000000,12.407000
2854,1664949550.575225,244,256,0,256,195,0,0,15,256,8.216000,0.000000,12.944000
2855,1664949550.675225,239,256,0,256,186,0,0,19,256,8.268000,0.000000,13.104000
2856,1664949550.775225,243,256,0,256,188,0,0,15,256,8.110000,0.000000,12.900000
2857,1664949550.875225,238,256,0,256,185,0,0,20,256,8.130000,0.000000,11.522000
2858,1664949550.975225,240,256,0,256,186,0,0,17,256,8.490000,0.000000,12.098000
2859,1664949551.075225,244,256,0,256,187,0,0,12,256,8.304000,0.000000,11.743000
2860,1664949551.175225,244,256,0,256,191,0,0,19,256,8.178000,0.000000,11.822000
2861,1664949551.275225,237,256,0,256,189,0,0,24,256,8.265000,0.000000,11.669000
2862,1664949551.375225,242,256,0,256,192,0,0,16,256,9.537000,0.000000,13.965000
2863,1664949551.475225,242,256,0,256,194,0,0,17,256,9.288000,0.000000,12.841000
2864,1664949551.575225,236,256,0,256,193,0,0,22,256,8.690000,0.000000,12.557000
2865,1664949551.675225,243,256,0,256,198,0,0,16,256,8.137000,0.000000,12.192000
2866,1664949551.775225,239,256,0,256,192,0,0,18,256,8.207000,0.000000,11.687000
2867,1664949551.875225,238,256,0,256,194,0,0,18,256,8.464000,0.000000,12.218000
2868,1664949551.975225,241,256,0,256,197,0,0,18,256,8.494000,0.000000,11.947000
2869,1664949552.075225,244,256,0,256,191,0,0,15,256,8.225000,0.000000,11.664000
2870,1664949552.175225,245,256,0,256,190,0,0,17,256,8.288000,0.000000,11.815000
2871,1664949552.275225,235,256,0,256,189,0,0,22,256,7.873000,0.000000,11.491000
2872,1664949552.375225,231,256,0,256,190,0,0,27,256,8.286000,0.000000,11.659000
2873,1664949552.475225,239,256,0,256,187,0,0,20,256,7.984000,0.000000,11.488000
2874,1664949552.575225,229,256,0,256,191,0,0,30,256,8.305000,0.000000,11.870000
2875,1664949552.675225,238,256,0,256,189,0,0,19,256,7.671000,0.000000,11.378000
2876,1664949552.775225,242,256,0,256,198,0,0,15,256,8.457000,0.000000,11.888000
2877,1664949552.875225,238,256,0,256,194,0,0,20,256,8.488000,0.000000,11.967000
2878,1664949552.975225,240,256,0,256,194,0,0,17,256,7.854000,0.000000,11.577000
2879,1664949553.075225,238,256,0,256,200,0,0,20,256,8.216000,0.000000,11.727000
2880,1664949553.175225,237,256,0,256,192,0,0,21,256,9.405000,0.000000,14.707000
2881,1664949553.275225,235,256,0,256,194,0,0,22,256,9.712000,0.000000,14.729000
2882,1664949553.375225,242,256,0,256,188,0,0,15,256,8.184000,0.000000,12.027000
2883,1664949553.475225,237,256,0,256,197,0,0,20,256,7.864000,0.000000,11.491000
2884,1664949553.575225,239,256,0,256,203,0,0,18,256,8.138000,0.000000,11.866000
2885,1664949553.675225,239,256,0,256,200,0,0,19,256,7.899000,0.000000,11.522000
2886,1664949553.775225,241,256,0,256,202,0,0,16,256,8.169000,0.000000,12.023000
2887,1664949553.875225,245,256,0,256,206,0,0,15,256,8.381000,0.000000,12.251000
2888,1664949553.975225,244,256,0,256,216,0,0,13,256,8.268000,0.000000,11.912000
2889,1664949554.075225,248,256,0,256,209,0,0,10,256,8.160000,0.000000,11.879000
2890,1664949554.175225,245,256,0,256,205,0,0,13,256,8.330000,0.000000,11.692000
2891,1664949554.275225,241,256,0,256,201,0,0,20,256,8.401000,0.000000,12.117000
2892,1664949554.375225,250,256,0,256,197,0,0,10,256,8.142000,0.000000,11.900000
2893,1664949554.475225,246,256,0,256,200,0,0,11,256,9.460000,0.000000,13.670000
2894,1664949554.575225,240,256,0,256,201,0,0,18,256,9.370000,0.000000,14.016000
2895,1664949554.675225,235,256,0,256,195,0,0,24,256,9.317000,0.000000,14.449000
2896,1664949554.775225,241,256,0,256,190,0,0,16,256,7.884000,0.000000,11.605000
2897,1664949554.875225,233,256,0,256,200,0,0,24,256,8.427000,0.000000,13.663000
2898,1664949554.975225,243,256,0,256,198,0,0,14,256,8.600000,0.000000,14.065000
2899,1664949555.075225,236,256,0,256,185,0,0,22,256,8.350000,0.000000,13.440000
2900,1664949555.175225,236,256,0,256,197,0,0,22,256,8.357000,0.000000,13.658000
2901,1664949555.275225,237,256,0,256,193,0,0,20,256,8.289000,0.000000,13.798000
2902,1664949555.375225,237,256,0,256,195,0,0,21,256,8.187000,0.000000,13.604000
2903,1664949555.475225,243,256,0,256,201,0,0,13,256,8.438000,0.000000,13.633000
2904,1664949555.575225,244,256,0,256,200,0,0,16,256,8.277000,0.000000,13.331000
2905,1664949555.675225,239,256,0,256,205,0,0,19,256,8.275000,0.000000,13.756000
2906,1664949555.775225,238,256,0,256,197,0,0,20,256,8.095000,0.000000,12.208000
2907,1664949555.875225,230,256,0,256,193,0,0,29,256,8.315000,0.000000,12.214000
2908,1664949555.975225,238,256,0,256,199,0,0,19,256,8.281000,0.000000,11.931000
2909,1664949556.075225,233,256,0,256,202,0,0,23,256,8.100000,0.000000,11.667000
2910,1664949556.175225,236,256,0,256,196,0,0,24,256,8.275000,0.000000,11.986000
2911,1664949556.275225,236,256,0,256,205,0,0,20,256,8.403000,0.000000,12.124000
2912,1664949556.375225,238,256,0,256,213,0,0,18,256,8.206000,0.000000,11.621000
2913,1664949556.475225,240,256,0,256,218,0,0,18,256,8.099000,0.000000,11.753000
2914,1664949556.575225,241,256,0,256,208,0,0,17,256,8.219000,0.000000,11.754000
2915,1664949556.675225,244,256,0,256,207,0,0,12,256,8.118000,0.000000,11.781000
2916,1664949556.775225,246,256,0,256,207,0,0,11,256,8.426000,0.000000,11.823000
2917,1664949556.875225,245,256,0,256,199,0,0,14,256,8.376000,0.000000,11.798000
2918,1664949556.975225,246,256,0,256,203,0,0,12,256,8.375000,0.000000,11.974000
2919,1664949557.075225,243,256,0,256,210,0,0,16,256,8.487000,0.000000,11.998000
2920,1664949557.175225,238,256,0,256,206,0,0,19,256,8.211000,0.000000,11.855000
2921,1664949557.275225,241,256,0,256,209,0,0,18,256,8.375000,0.000000,12.001000
2922,1664949557.375225,247,256,0,256,208,0,0,10,256,8.216000,0.000000,11.680000
2923,1664949557.475219,240,256,0,256,200,0,0,17,256,8.106000,0.000000,11.761000
2924,1664949557.575210,236,256,0,256,197,0,0,21,256,8.511000,0.000000,12.204000
2925,1664949557.675201,236,256,0,256,198,0,0,20,256,8.254000,0.000000,11.860000
2926,1664949557.775194,236,256,0,256,209,0,0,22,256,9.567000,0.000000,14.580000
2927,1664949557.875188,236,256,0,256,212,0,0,22,256,9.325000,0.000000,13.172000
2928,1664949557.975183,243,256,0,256,207,0,0,14,256,8.820000,0.000000,13.472000
2929,1664949558.075179,241,256,0,256,217,0,0,17,256,8.508000,0.000000,12.219000
2930,1664949558.175176,247,256,0,256,214,0,0,11,256,8.379000,0.000000,11.996000
2931,1664949558.275172,250,256,0,256,209,0,0,7,256,8.180000,0.000000,11.547000
2932,1664949558.375170,242,256,0,256,207,0,0,17,256,8.182000,0.000000,11.951000
2933,1664949558.475167,242,256,0,256,209,0,0,15,256,8.235000,0.000000,11.721000
2934,1664949558.575164,241,256,0,256,209,0,0,16,256,8.257000,0.000000,11.708000
2935,1664949558.675162,239,256,0,256,213,0,0,18,256,8.355000,0.000000,12.066000
2936,1664949558.775160,242,256,0,256,212,0,0,14,256,8.137000,0.000000,11.924000
2937,1664949558.875158,243,256,0,256,215,0,0,14,256,8.118000,0.000000,11.872000
2938,1664949558.975157,248,256,0,256,208,0,0,9,256,8.271000,0.000000,11.894000
2939,1664949559.075155,246,256,0,256,213,0,0,12,256,8.265000,0.000000,11.997000
2940,1664949559.175153,246,256,0,256,204,0,0,13,256,8.244000,0.000000,12.114000
2941,1664949559.275152,238,256,0,256,209,0,0,19,256,8.221000,0.000000,12.224000
2942,1664949559.375151,239,256,0,256,212,0,0,18,256,7.970000,0.000000,11.529000
2943,1664949559.475150,241,256,0,256,220,0,0,16,256,8.372000,0.000000,11.941000
2944,1664949559.575150,249,256,0,256,220,0,0,7,256,8.389000,0.000000,12.064000
2945,1664949559.675150,244,256,0,256,224,0,0,13,256,8.314000,0.000000,12.049000
2946,1664949559.775150,250,256,0,256,223,0,0,6,256,8.504000,0.000000,12.035000
2947,1664949559.875150,248,256,0,256,223,0,0,9,256,8.180000,0.000000,11.852000
2948,1664949559.975150,240,256,0,256,222,0,0,16,256,9.283000,0.000000,12.990000
2949,1664949560.075150,238,256,0,256,215,0,0,19,256,9.135000,0.000000,13.201000
2950,1664949560.175150,243,256,0,256,207,0,0,14,256,9.778000,0.000000,13.989000
2951,1664949560.275150,247,256,0,256,212,0,0,12,256,9.022000,0.000000,13.555000
2952,1664949560.375150,252,256,0,256,210,0,0,4,256,7.892000,0.000000,11.306000
2953,1664949560.475150,245,256,0,256,214,0,0,11,256,8.518000,0.000000,12.230000
2954,1664949560.575150,244,256,0,256,213,0,0,12,256,8.303000,0.000000,11.967000
2955,1664949560.675150,252,256,0,256,214,0,0,5,256,8.590000,0.000000,12.079000
2956,1664949560.775150,230,256,0,256,215,0,0,26,256,8.255000,0.000000,12.159000
2957,1664949560.875150,249,256,0,256,216,0,0,8,256,8.239000,0.000000,11.827000
2958,1664949560.975150,249,256,0,256,225,0,0,8,256,8.292000,0.000000,11.835000
2959,1664949561.075150,249,256,0,256,217,0,0,7,256,8.272000,0.000000,11.836000
2960,1664949561.175150,245,256,0,256,212,0,0,11,256,8.309000,0.000000,11.831000
2961,1664949561.275150,253,256,0,256,207,0,0,3,256,8.199000,0.000000,11.931000
2962,1664949561.375150,251,256,0,256,211,0,0,5,256,8.425000,0.000000,12.030000
2963,1664949561.475150,252,256,0,256,217,0,0,4,256,8.230000,0.000000,12.247000
2964,1664949561.575150,251,256,0,256,219,0,0,5,256,8.527000,0.000000,12.196000
2965,1664949561.675150,233,256,0,256,214,0,0,24,256,8.200000,0.000000,11.877000
2966,1664949561.775150,246,256,0,256,204,0,0,13,256,8.389000,0.000000,12.035000
2967,1664949561.875150,250,256,0,256,202,0,0,9,256,9.046000,0.000000,12.790000
2968,1664949561.975150,248,256,0,256,193,0,0,10,256,8.810000,0.000000,12.319000
2969,1664949562.075150,245,256,0,256,199,0,0,12,256,7.859000,0.000000,11.400000
2970,1664949562.175150,251,256,0,256,189,0,0,8,256,7.987000,0.000000,11.598000
2971,1664949562.275145,250,256,0,256,196,0,0,7,256,8.215000,0.000000,12.049000
2972,1664949562.375139,251,256,0,256,193,0,0,7,256,8.214000,0.000000,11.898000
2973,1664949562.475134,243,256,0,256,190,0,0,15,256,7.954000,0.000000,11.495000
2974,1664949562.575130,242,256,0,256,185,0,0,14,256,8.530000,0.000000,12.315000
2975,1664949562.675127,236,256,0,256,194,0,0,20,256,8.504000,0.000000,12.374000
2976,1664949562.775123,248,256,0,256,185,0,0,10,256,8.118000,0.000000,11.956000
2977,1664949562.875120,243,256,0,256,191,0,0,13,256,8.282000,0.000000,12.927000
2978,1664949562.975117,244,256,0,256,184,0,0,14,256,8.457000,0.000000,12.191000
2979,1664949563.075115,250,256,0,256,190,0,0,9,256,7.854000,0.000000,11.418000
2980,1664949563.175112,249,256,0,256,192,0,0,8,256,8.262000,0.000000,11.880000
2981,1664949563.275110,242,256,0,256,197,0,0,18,256,8.547000,0.000000,12.110000
2982,1664949563.375108,233,256,0,256,187,0,0,26,256,8.095000,0.000000,11.675000
2983,1664949563.475105,241,256,0,256,185,0,0,17,256,8.496000,0.000000,11.946000
2984,1664949563.575102,246,256,0,256,183,0,0,10,256,8.081000,0.000000,11.574000
2985,1664949563.675100,241,256,0,256,182,0,0,17,256,8.078000,0.000000,11.572000
2986,1664949563.775098,238,256,0,256,180,0,0,19,256,7.832000,0.000000,11.347000
2987,1664949563.875096,239,256,0,256,187,0,0,19,256,7.640000,0.000000,11.414000
2988,1664949563.975095,239,256,0,256,189,0,0,17,256,8.111000,0.000000,11.364000
2989,1664949564.075093,238,256,0,256,184,0,0,20,256,8.194000,0.000000,11.608000
2990,1664949564.175092,233,256,0,256,182,0,0,23,256,8.185000,0.000000,11.633000
2991,1664949564.275092,230,256,0,256,170,0,0,26,256,8.512000,0.000000,12.111000
2992,1664949564.375092,233,256,0,256,165,0,0,26,256,8.104000,0.000000,11.545000
2993,1664949564.475091,235,256,0,256,163,0,0,22,256,8.463000,0.000000,11.725000
2994,1664949564.575092,228,256,0,256,155,0,0,29,256,8.408000,0.000000,12.086000
2995,1664949564.675092,225,256,0,256,143,0,0,31,256,8.203000,0.000000,11.779000
2996,1664949564.775092,223,256,0,256,131,0,0,37,256,7.841000,0.000000,11.538000
2997,1664949564.875092,200,256,0,256,124,0,0,60,256,8.278000,0.000000,11.862000
2998,1664949564.975091,209,256,0,256,141,0,0,50,256,7.643000,0.000000,11.218000
2999,1664949565.075092,211,256,0,256,134,0,0,48,256,8.187000,0.000000,12.062000
3000,1664949565.175092,212,256,0,256,132,0,0,46,256,8.018000,0.000000,11.683000
3001,1664949565.275092,213,256,0,256,138,0,0,49,256,8.465000,0.000000,12.089000
3002,1664949565.375092,213,256,0,256,154,0,0,46,256,8.477000,0.000000,12.154000
3003,1664949565.475091,216,256,0,256,158,0,0,42,256,7.630000,0.000000,11.271000
3004,1664949565.575092,214,256,0,256,165,0,0,44,256,8.316000,0.000000,11.787000
3005,1664949565.675092,210,256,0,256,160,0,0,49,256,8.250000,0.000000,11.713000
3006,1664949565.775092,219,256,0,256,170,0,0,39,256,7.976000,0.000000,11.946000
3007,1664949565.875092,222,256,0,256,170,0,0,36,256,8.521000,0.000000,12.031000
3008,1664949565.975091,221,256,0,256,177,0,0,38,256,8.377000,0.000000,12.113000
3009,1664949566.075092,222,256,0,256,188,0,0,35,256,8.351000,0.000000,11.848000
3010,1664949566.175092,237,256,0,256,198,0,0,19,256,8.075000,0.000000,11.676000
3011,1664949566.275092,241,256,0,256,189,0,0,17,256,8.399000,0.000000,11.875000
3012,1664949566.375092,238,256,0,256,197,0,0,22,256,8.194000,0.000000,11.524000
3013,1664949566.475091,240,256,0,256,195,0,0,17,256,8.193000,0.000000,11.753000
3014,1664949566.575092,232,256,0,256,201,0,0,24,256,8.234000,0.000000,12.999000
3015,1664949566.675092,232,256,0,256,187,0,0,27,256,8.272000,0.000000,11.804000
3016,1664949566.775092,236,256,0,256,191,0,0,21,256,8.187000,0.000000,11.532000
3017,1664949566.875092,235,256,0,256,185,0,0,23,256,9.027000,0.000000,12.959000
3018,1664949566.975091,236,256,0,256,172,0,0,23,256,9.467000,0.000000,13.493000
3019,1664949567.075092,233,256,0,256,179,0,0,25,256,9.414000,0.000000,14.139000
3020,1664949567.175092,234,256,0,256,179,0,0,25,256,9.563000,0.000000,14.840000
3021,1664949567.275092,234,256,0,256,178,0,0,28,256,8.286000,0.000000,13.289000
3022,1664949567.375092,219,256,0,256,162,0,0,39,256,8.137000,0.000000,11.678000
3023,1664949567.475091,228,256,0,256,166,0,0,30,256,10.058000,0.000000,14.010000
3024,1664949567.575092,222,256,0,256,165,0,0,37,256,9.580000,0.000000,13.601000
3025,1664949567.675092,223,256,0,256,156,0,0,38,256,9.406000,0.000000,13.863000
3026,1664949567.775092,221,256,0,256,145,0,0,39,256,9.333000,0.000000,12.978000
3027,1664949567.875092,212,256,0,256,151,0,0,46,256,9.225000,0.000000,13.087000
3028,1664949567.975091,209,256,0,256,147,0,0,51,256,8.123000,0.000000,11.870000
3029,1664949568.075092,213,256,0,256,143,0,0,47,256,7.861000,0.000000,11.518000
3030,1664949568.175092,218,256,0,256,135,0,0,41,256,8.360000,0.000000,12.136000
3031,1664949568.275092,217,256,0,256,131,0,0,41,256,8.335000,0.000000,12.121000
3032,1664949568.375091,217,256,0,256,122,0,0,42,256,8.180000,0.000000,11.848000
3033,1664949568.475086,223,256,0,256,131,0,0,34,256,8.340000,0.000000,12.047000
3034,1664949568.575083,220,256,0,256,138,0,0,40,256,9.146000,0.000000,13.098000
3035,1664949568.675080,215,256,0,256,152,0,0,42,256,9.136000,0.000000,12.678000
3036,1664949568.775078,219,256,0,256,163,0,0,42,256,8.329000,0.000000,12.021000
3037,1664949568.875076,214,256,0,256,162,0,0,42,256,8.105000,0.000000,11.731000
3038,1664949568.975074,221,256,0,256,166,0,0,38,256,8.340000,0.000000,11.836000
3039,1664949569.075073,222,256,0,256,176,0,0,36,256,8.199000,0.000000,11.615000
3040,1664949569.175071,226,256,0,256,187,0,0,30,256,8.446000,0.000000,11.997000
3041,1664949569.275070,230,256,0,256,188,0,0,28,256,8.235000,0.000000,11.495000
3042,1664949569.375069,226,256,0,256,189,0,0,32,256,8.172000,0.000000,11.421000
3043,1664949569.475068,233,256,0,256,187,0,0,26,256,8.405000,0.000000,11.766000
3044,1664949569.575067,224,256,0,256,192,0,0,33,256,8.968000,0.000000,12.515000
3045,1664949569.675066,231,256,0,256,186,0,0,25,256,9.392000,0.000000,13.090000
3046,1664949569.775066,236,256,0,256,196,0,0,21,256,9.433000,0.000000,13.224000
3047,1664949569.875065,238,256,0,256,192,0,0,18,256,8.234000,0.000000,11.619000
3048,1664949569.975065,234,256,0,256,192,0,0,23,256,8.013000,0.000000,11.593000
3049,1664949570.075065,234,256,0,256,180,0,0,23,256,7.914000,0.000000,11.459000
3050,1664949570.175064,236,256,0,256,185,0,0,22,256,8.250000,0.000000,11.796000
3051,1664949570.275064,231,256,0,256,175,0,0,25,256,8.184000,0.000000,11.791000
3052,1664949570.375065,238,256,0,256,166,0,0,20,256,7.960000,0.000000,11.560000
3053,1664949570.475065,237,256,0,256,165,0,0,20,256,8.392000,0.000000,11.943000
3054,1664949570.575065,234,256,0,256,145,0,0,22,256,8.076000,0.000000,11.863000
3055,1664949570.675065,234,256,0,256,139,0,0,24,256,8.086000,0.000000,12.239000
3056,1664949570.775065,242,256,0,256,136,0,0,15,256,8.250000,0.000000,11.969000
3057,1664949570.875065,237,256,0,256,140,0,0,19,256,8.194000,0.000000,12.157000
3058,1664949570.975065,232,256,0,256,153,0,0,29,256,8.126000,0.000000,12.053000
3059,1664949571.075065,228,256,0,256,148,0,0,32,256,8.479000,0.000000,12.187000
3060,1664949571.175065,230,256,0,256,142,0,0,27,256,8.245000,0.000000,11.820000
3061,1664949571.275065,219,256,0,256,154,0,0,42,256,8.258000,0.000000,11.971000
3062,1664949571.375065,228,256,0,256,152,0,0,30,256,8.373000,0.000000,12.012000
3063,1664949571.475065,219,256,0,256,165,0,0,39,256,8.062000,0.000000,11.886000
3064,1664949571.575065,214,256,0,256,159,0,0,44,256,8.447000,0.000000,12.234000
3065,1664949571.675065,213,256,0,256,157,0,0,44,256,8.240000,0.000000,12.134000
3066,1664949571.775065,205,256,0,256,159,0,0,55,256,8.161000,0.000000,11.977000
3067,1664949571.875065,219,256,0,256,152,0,0,41,256,8.259000,0.000000,11.832000
3068,1664949571.975065,202,256,0,256,149,0,0,55,256,8.349000,0.000000,12.041000
3069,1664949572.075065,205,256,0,256,147,0,0,52,256,8.016000,0.000000,11.561000
3070,1664949572.175065,204,256,0,256,156,0,0,52,256,8.462000,0.000000,12.083000
3071,1664949572.275065,212,256,0,256,163,0,0,48,256,8.473000,0.000000,12.254000
3072,1664949572.375065,213,256,0,256,165,0,0,46,256,8.181000,0.000000,12.308000
3073,1664949572.475065,211,256,0,256,167,0,0,46,256,8.259000,0.000000,11.838000
3074,1664949572.575065,212,256,0,256,161,0,0,44,256,8.341000,0.000000,12.378000
3075,1664949572.675065,206,256,0,256,159,0,0,50,256,9.021000,0.000000,12.657000
3076,1664949572.775065,204,256,0,256,156,0,0,54,256,9.306000,0.000000,13.457000
3077,1664949572.875065,202,256,0,256,162,0,0,54,256,8.969000,0.000000,12.302000
3078,1664949572.975065,209,256,0,256,169,0,0,47,256,8.137000,0.000000,11.914000
3079,1664949573.075065,213,256,0,256,176,0,0,46,256,8.286000,0.000000,11.775000
3080,1664949573.175065,213,256,0,256,179,0,0,45,256,7.848000,0.000000,11.504000
3081,1664949573.275065,219,256,0,256,180,0,0,38,256,8.548000,0.000000,12.110000
3082,1664949573.375065,211,256,0,256,183,0,0,47,256,7.827000,0.000000,14.390000
3083,1664949573.475065,222,256,0,256,182,0,0,36,256,8.098000,0.000000,12.003000
3084,1664949573.575065,215,256,0,256,184,0,0,41,256,7.960000,0.000000,11.489000
3085,1664949573.675065,220,256,0,256,187,0,0,39,256,8.186000,0.000000,11.836000
3086,1664949573.775065,221,256,0,256,185,0,0,38,256,9.349000,0.000000,12.976000
3087,1664949573.875065,224,256,0,256,190,0,0,32,256,8.608000,0.000000,12.132000
3088,1664949573.975065,225,256,0,256,191,0,0,34,256,8.462000,0.000000,11.906000
3089,1664949574.075065,227,256,0,256,190,0,0,30,256,8.355000,0.000000,11.873000
3090,1664949574.175065,236,256,0,256,192,0,0,20,256,8.253000,0.000000,11.864000
3091,1664949574.275065,241,256,0,256,192,0,0,15,256,7.646000,0.000000,11.360000
3092,1664949574.375065,237,256,0,256,190,0,0,20,256,8.072000,0.000000,11.712000
3093,1664949574.475065,238,256,0,256,201,0,0,19,256,8.120000,0.000000,11.686000
3094,1664949574.575065,238,256,0,256,201,0,0,22,256,8.117000,0.000000,11.597000
3095,1664949574.675065,235,256,0,256,193,0,0,21,256,8.100000,0.000000,11.556000
3096,1664949574.775065,236,256,0,256,195,0,0,20,256,7.867000,0.000000,11.558000
3097,1664949574.875065,234,256,0,256,187,0,0,25,256,8.236000,0.000000,11.562000
3098,1664949574.975065,236,256,0,256,186,0,0,21,256,8.567000,0.000000,12.053000
3099,1664949575.075065,234,256,0,256,194,0,0,25,256,8.102000,0.000000,11.590000
3100,1664949575.175065,240,256,0,256,189,0,0,16,256,7.998000,0.000000,11.614000
3101,1664949575.275065,242,256,0,256,192,0,0,17,256,8.355000,0.000000,11.620000
3102,1664949575.375065,240,256,0,256,194,0,0,16,256,8.503000,0.000000,12.175000
3103,1664949575.475065,243,256,0,256,193,0,0,13,256,8.102000,0.000000,11.639000
3104,1664949575.575065,237,256,0,256,191,0,0,19,256,8.346000,0.000000,11.876000
3105,1664949575.675065,241,256,0,256,191,0,0,16,256,8.350000,0.000000,11.875000
3106,1664949575.775065,249,256,0,256,192,0,0,9,256,8.155000,0.000000,11.566000
3107,1664949575.875065,242,256,0,256,180,0,0,14,256,8.145000,0.000000,11.620000
3108,1664949575.975065,251,256,0,256,178,0,0,6,256,8.135000,0.000000,12.069000
3109,1664949576.075065,243,256,0,256,182,0,0,13,256,7.805000,0.000000,11.567000
3110,1664949576.175065,241,256,0,256,181,0,0,16,256,7.942000,0.000000,11.436000
3111,1664949576.275065,243,256,0,256,186,0,0,13,256,8.076000,0.000000,11.509000
3112,1664949576.375065,237,256,0,256,183,0,0,20,256,7.948000,0.000000,11.847000
3113,1664949576.475066,235,256,0,256,193,0,0,22,256,8.155000,0.000000,11.667000
3114,1664949576.575071,242,256,0,256,195,0,0,15,256,8.193000,0.000000,11.813000
3115,1664949576.675074,244,256,0,256,197,0,0,13,256,8.083000,0.000000,11.915000
3116,1664949576.775076,244,256,0,256,197,0,0,13,256,7.834000,0.000000,11.323000
3117,1664949576.875078,243,256,0,256,202,0,0,14,256,7.909000,0.000000,11.413000
3118,1664949576.975080,246,256,0,256,205,0,0,11,256,8.061000,0.000000,11.289000
3119,1664949577.075081,247,256,0,256,204,0,0,11,256,8.148000,0.000000,11.868000
3120,1664949577.175081,244,256,0,256,214,0,0,12,256,8.163000,0.000000,11.855000
3121,1664949577.275082,241,256,0,256,219,0,0,17,256,8.324000,0.000000,11.740000
3122,1664949577.375082,247,256,0,256,219,0,0,11,256,8.017000,0.000000,11.368000
3123,1664949577.475082,244,256,0,256,212,0,0,12,256,8.041000,0.000000,11.470000
3124,1664949577.575083,248,256,0,256,211,0,0,9,256,8.055000,0.000000,11.565000
3125,1664949577.675083,246,256,0,256,213,0,0,10,256,7.931000,0.000000,11.199000
3126,1664949577.775083,251,256,0,256,215,0,0,5,256,8.230000,0.000000,11.917000
3127,1664949577.875084,252,256,0,256,211,0,0,4,256,8.074000,0.000000,11.590000
3128,1664949577.975084,246,256,0,256,217,0,0,10,256,8.258000,0.000000,11.569000
3129,1664949578.075084,245,256,0,256,217,0,0,13,256,7.947000,0.000000,11.526000
3130,1664949578.175084,250,256,0,256,218,0,0,6,256,8.110000,0.000000,11.506000
3131,1664949578.275084,255,256,0,256,210,0,0,2,256,8.364000,0.000000,12.082000
3132,1664949578.375085,250,256,0,256,220,0,0,7,256,8.190000,0.000000,11.531000
3133,1664949578.475085,247,256,0,256,222,0,0,9,256,8.068000,0.000000,11.528000
3134,1664949578.575085,250,256,0,256,222,0,0,6,256,8.137000,0.000000,11.312000
3135,1664949578.675085,248,256,0,256,222,0,0,9,256,7.641000,0.000000,10.848000
3136,1664949578.775085,249,256,0,256,218,0,0,7,256,8.080000,0.000000,11.594000
3137,1664949578.875085,248,256,0,256,219,0,0,8,256,8.058000,0.000000,11.198000
3138,1664949578.975085,248,256,0,256,211,0,0,8,256,8.318000,0.000000,11.515000
3139,1664949579.075085,251,256,0,256,209,0,0,5,256,8.082000,0.000000,11.780000
3140,1664949579.175085,252,256,0,256,206,0,0,5,256,8.294000,0.000000,11.764000
3141,1664949579.275085,252,256,0,256,207,0,0,6,256,8.435000,0.000000,11.755000
3142,1664949579.375085,249,256,0,256,215,0,0,9,256,8.173000,0.000000,11.363000
3143,1664949579.475085,251,256,0,256,213,0,0,5,256,8.404000,0.000000,11.995000
3144,1664949579.575085,252,256,0,256,214,0,0,5,256,8.528000,0.000000,12.080000
3145,1664949579.675085,253,256,0,256,209,0,0,3,256,8.262000,0.000000,11.672000
3146,1664949579.775085,246,256,0,256,213,0,0,10,256,8.159000,0.000000,11.887000
3147,1664949579.875085,252,256,0,256,207,0,0,6,256,8.465000,0.000000,11.977000
3148,1664949579.975085,251,256,0,256,205,0,0,6,256,8.382000,0.000000,12.078000
3149,1664949580.075085,246,256,0,256,200,0,0,12,256,8.270000,0.000000,11.736000
3150,1664949580.175085,223,256,0,256,183,0,0,33,256,8.113000,0.000000,11.589000
3151,1664949580.275085,238,256,0,256,185,0,0,19,256,8.322000,0.000000,11.897000
3152,1664949580.375085,250,256,0,256,186,0,0,6,256,8.306000,0.000000,12.149000
3153,1664949580.475085,250,256,0,256,194,0,0,9,256,8.139000,0.000000,11.746000
3154,1664949580.575085,245,256,0,256,189,0,0,12,256,8.476000,0.000000,12.336000
3155,1664949580.675085,247,256,0,256,194,0,0,9,256,8.444000,0.000000,12.137000
3156,1664949580.775085,243,256,0,256,192,0,0,14,256,8.029000,0.000000,11.542000
3157,1664949580.875085,247,256,0,256,198,0,0,9,256,8.603000,0.000000,12.042000
3158,1664949580.975085,244,256,0,256,195,0,0,12,256,8.302000,0.000000,11.804000
3159,1664949581.075085,240,256,0,256,186,0,0,16,256,8.091000,0.000000,11.511000
3160,1664949581.175085,241,256,0,256,177,0,0,17,256,8.476000,0.000000,13.069000
3161,1664949581.275085,242,256,0,256,179,0,0,14,256,8.376000,0.000000,11.944000
3162,1664949581.375085,235,256,0,256,171,0,0,22,256,8.574000,0.000000,12.132000
3163,1664949581.475085,239,256,0,256,176,0,0,19,256,9.323000,0.000000,14.126000
3164,1664949581.575085,236,256,0,256,169,0,0,20,256,9.275000,0.000000,14.448000
3165,1664949581.675085,235,256,0,256,179,0,0,21,256,8.068000,0.000000,12.363000
3166,1664949581.775085,234,256,0,256,173,0,0,23,256,8.632000,0.000000,13.589000
3167,1664949581.875085,229,256,0,256,175,0,0,30,256,8.395000,0.000000,13.514000
3168,1664949581.975085,239,256,0,256,170,0,0,18,256,8.436000,0.000000,13.713000
3169,1664949582.075085,243,256,0,256,166,0,0,15,256,8.420000,0.000000,13.227000
3170,1664949582.175085,227,256,0,256,164,0,0,30,256,8.433000,0.000000,13.830000
3171,1664949582.275085,234,256,0,256,170,0,0,24,256,8.151000,0.000000,11.946000
3172,1664949582.375085,227,256,0,256,167,0,0,30,256,8.236000,0.000000,12.237000
3173,1664949582.475085,230,256,0,256,173,0,0,27,256,8.464000,0.000000,12.686000
3174,1664949582.575085,230,256,0,256,185,0,0,27,256,8.252000,0.000000,12.550000
3175,1664949582.675085,230,256,0,256,179,0,0,27,256,8.279000,0.000000,13.940000
3176,1664949582.775085,225,256,0,256,182,0,0,32,256,8.518000,0.000000,14.317000
3177,1664949582.875085,228,256,0,256,187,0,0,30,256,8.289000,0.000000,12.483000
3178,1664949582.975085,226,256,0,256,183,0,0,30,256,8.060000,0.000000,12.064000
3179,1664949583.075085,228,256,0,256,177,0,0,28,256,8.458000,0.000000,12.566000
3180,1664949583.175085,229,256,0,256,180,0,0,28,256,8.288000,0.000000,12.538000
3181,1664949583.275085,229,256,0,256,178,0,0,30,256,8.054000,0.000000,12.063000
3182,1664949583.375085,224,256,0,256,184,0,0,34,256,8.286000,0.000000,12.217000
3183,1664949583.475085,226,256,0,256,172,0,0,31,256,8.314000,0.000000,13.198000
3184,1664949583.575085,234,256,0,256,183,0,0,24,256,8.167000,0.000000,13.289000
3185,1664949583.675085,232,256,0,256,181,0,0,27,256,8.544000,0.000000,13.193000
3186,1664949583.775085,230,256,0,256,181,0,0,27,256,8.301000,0.000000,12.819000
3187,1664949583.875085,224,256,0,256,183,0,0,34,256,8.572000,0.000000,13.660000
3188,1664949583.975085,234,256,0,256,183,0,0,22,256,8.665000,0.000000,14.025000
3189,1664949584.075085,230,256,0,256,174,0,0,26,256,8.071000,0.000000,12.237000
3190,1664949584.175085,232,256,0,256,170,0,0,25,256,8.449000,0.000000,12.618000
3191,1664949584.275085,237,256,0,256,155,0,0,20,256,8.326000,0.000000,12.459000
3192,1664949584.375085,228,256,0,256,153,0,0,30,256,8.357000,0.000000,12.625000
3193,1664949584.475085,233,256,0,256,149,0,0,25,256,8.244000,0.000000,12.493000
3194,1664949584.575091,231,256,0,256,164,0,0,27,256,8.305000,0.000000,12.698000
3195,1664949584.675095,236,256,0,256,173,0,0,21,256,8.533000,0.000000,12.607000
3196,1664949584.775099,228,256,0,256,169,0,0,28,256,8.248000,0.000000,12.504000
3197,1664949584.875102,223,256,0,256,175,0,0,34,256,8.368000,0.000000,12.445000
3198,1664949584.975104,223,256,0,256,174,0,0,37,256,8.245000,0.000000,12.703000
3199,1664949585.075106,221,256,0,256,175,0,0,35,256,8.332000,0.000000,12.423000
3200,1664949585.175107,230,256,0,256,177,0,0,28,256,8.286000,0.000000,13.815000
3201,1664949585.275107,226,256,0,256,177,0,0,32,256,8.259000,0.000000,12.724000
3202,1664949585.375108,226,256,0,256,178,0,0,32,256,8.088000,0.000000,11.661000
3203,1664949585.475107,232,256,0,256,181,0,0,27,256,8.559000,0.000000,11.874000
3204,1664949585.575108,233,256,0,256,188,0,0,24,256,8.209000,0.000000,11.868000
3205,1664949585.675107,229,256,0,256,185,0,0,29,256,8.177000,0.000000,11.824000
3206,1664949585.775107,236,256,0,256,196,0,0,22,256,8.146000,0.000000,11.778000
3207,1664949585.875107,235,256,0,256,198,0,0,21,256,8.262000,0.000000,11.921000
3208,1664949585.975106,236,256,0,256,206,0,0,21,256,8.032000,0.000000,11.478000
3209,1664949586.075106,245,256,0,256,201,0,0,14,256,8.439000,0.000000,11.822000
3210,1664949586.175106,244,256,0,256,201,0,0,12,256,8.235000,0.000000,11.734000
3211,1664949586.275106,244,256,0,256,206,0,0,15,256,8.129000,0.000000,11.608000
3212,1664949586.375105,249,256,0,256,199,0,0,10,256,8.052000,0.000000,11.552000
3213,1664949586.475105,248,256,0,256,192,0,0,10,256,8.332000,0.000000,12.052000
3214,1664949586.575105,246,256,0,256,204,0,0,13,256,8.191000,0.000000,12.018000
3215,1664949586.675105,251,256,0,256,201,0,0,7,256,8.120000,0.000000,11.973000
3216,1664949586.775105,250,256,0,256,205,0,0,7,256,8.362000,0.000000,11.733000
3217,1664949586.875105,252,256,0,256,201,0,0,5,256,8.225000,0.000000,11.799000
3218,1664949586.975105,251,256,0,256,198,0,0,6,256,8.404000,0.000000,11.915000
3219,1664949587.075105,246,256,0,256,198,0,0,11,256,8.600000,0.000000,13.099000
3220,1664949587.175105,244,256,0,256,192,0,0,12,256,8.571000,0.000000,12.061000
3221,1664949587.275105,242,256,0,256,188,0,0,15,256,9.499000,0.000000,13.719000
3222,1664949587.375105,229,256,0,256,188,0,0,28,256,9.460000,0.000000,13.503000
3223,1664949587.475105,242,256,0,256,192,0,0,14,256,9.565000,0.000000,14.416000
3224,1664949587.575105,239,256,0,256,189,0,0,18,256,8.384000,0.000000,13.890000
3225,1664949587.675105,242,256,0,256,187,0,0,16,256,8.292000,0.000000,11.937000
3226,1664949587.775105,236,256,0,256,197,0,0,21,256,8.181000,0.000000,11.691000
3227,1664949587.875105,233,256,0,256,182,0,0,23,256,8.366000,0.000000,11.798000
3228,1664949587.975105,231,256,0,256,178,0,0,27,256,8.469000,0.000000,11.948000
3229,1664949588.075105,228,256,0,256,182,0,0,28,256,8.249000,0.000000,11.571000
3230,1664949588.175105,225,256,0,256,196,0,0,33,256,8.582000,0.000000,11.926000
3231,1664949588.275105,226,256,0,256,187,0,0,30,256,8.145000,0.000000,11.494000
3232,1664949588.375105,227,256,0,256,197,0,0,31,256,8.108000,0.000000,11.708000
3233,1664949588.475105,233,256,0,256,197,0,0,24,256,8.535000,0.000000,11.882000
3234,1664949588.575105,233,256,0,256,201,0,0,26,256,8.241000,0.000000,11.846000
3235,1664949588.675105,238,256,0,256,199,0,0,19,256,8.517000,0.000000,12.127000
3236,1664949588.775105,236,256,0,256,193,0,0,21,256,8.122000,0.000000,11.445000
3237,1664949588.875105,233,256,0,256,205,0,0,24,256,8.555000,0.000000,12.146000
3238,1664949588.975105,240,256,0,256,199,0,0,18,256,8.046000,0.000000,11.804000
3239,1664949589.075105,233,256,0,256,185,0,0,24,256,8.270000,0.000000,12.031000
3240,1664949589.175105,224,256,0,256,185,0,0,36,256,8.298000,0.000000,11.930000
3241,1664949589.275105,225,256,0,256,192,0,0,32,256,8.253000,0.000000,11.926000
3242,1664949589.375105,232,256,0,256,183,0,0,26,256,8.075000,0.000000,11.455000
3243,1664949589.475105,226,256,0,256,190,0,0,35,256,8.366000,0.000000,11.850000
3244,1664949589.575105,227,256,0,256,186,0,0,30,256,8.119000,0.000000,11.436000
3245,1664949589.675105,226,256,0,256,186,0,0,30,256,8.531000,0.000000,12.077000
3246,1664949589.775105,225,256,0,256,185,0,0,32,256,8.110000,0.000000,11.633000
3247,1664949589.875105,236,256,0,256,192,0,0,21,256,8.225000,0.000000,11.756000
3248,1664949589.975105,237,256,0,256,188,0,0,19,256,8.067000,0.000000,11.701000
3249,1664949590.075105,235,256,0,256,177,0,0,23,256,8.335000,0.000000,12.038000
3250,1664949590.175105,236,256,0,256,183,0,0,21,256,8.450000,0.000000,11.856000
3251,1664949590.275105,229,256,0,256,175,0,0,30,256,8.239000,0.000000,11.998000
3252,1664949590.375105,234,256,0,256,180,0,0,24,256,8.399000,0.000000,11.868000
3253,1664949590.475105,226,256,0,256,174,0,0,31,256,9.648000,0.000000,13.964000
3254,1664949590.575105,232,256,0,256,180,0,0,24,256,9.506000,0.000000,13.989000
3255,1664949590.675105,223,256,0,256,166,0,0,35,256,9.180000,0.000000,13.941000
3256,1664949590.775105,228,256,0,256,162,0,0,31,256,8.221000,0.000000,11.685000
3257,1664949590.875105,221,256,0,256,153,0,0,37,256,8.063000,0.000000,11.802000
3258,1664949590.975105,221,256,0,256,157,0,0,37,256,8.449000,0.000000,12.331000
3259,1664949591.075105,214,256,0,256,158,0,0,44,256,9.213000,0.000000,13.112000
3260,1664949591.175105,228,256,0,256,149,0,0,32,256,9.240000,0.000000,13.457000
3261,1664949591.275105,223,256,0,256,160,0,0,37,256,9.570000,0.000000,13.792000
3262,1664949591.375105,210,256,0,256,166,0,0,50,256,8.318000,0.000000,12.266000
3263,1664949591.475109,211,256,0,256,167,0,0,48,256,8.350000,0.000000,12.061000
3264,1664949591.575115,210,256,0,256,166,0,0,49,256,8.103000,0.000000,11.903000
3265,1664949591.675120,221,256,0,256,157,0,0,35,256,8.053000,0.000000,11.849000
3266,1664949591.775124,211,256,0,256,172,0,0,46,256,8.029000,0.000000,11.675000
3267,1664949591.875129,215,256,0,256,179,0,0,42,256,8.037000,0.000000,11.809000
3268,1664949591.975133,218,256,0,256,177,0,0,38,256,8.199000,0.000000,12.007000
3269,1664949592.075138,223,256,0,256,180,0,0,34,256,8.398000,0.000000,11.943000
3270,1664949592.175143,218,256,0,256,169,0,0,39,256,8.530000,0.000000,12.602000
3271,1664949592.275147,226,256,0,256,167,0,0,31,256,8.142000,0.000000,11.954000
3272,1664949592.375152,219,256,0,256,170,0,0,37,256,8.225000,0.000000,12.076000
3273,1664949592.475155,209,256,0,256,168,0,0,48,256,8.138000,0.000000,11.927000
3274,1664949592.575159,208,256,0,256,171,0,0,50,256,8.106000,0.000000,12.105000
3275,1664949592.675163,216,256,0,256,171,0,0,43,256,8.392000,0.000000,12.278000
3276,1664949592.775165,220,256,0,256,173,0,0,39,256,8.583000,0.000000,12.561000
3277,1664949592.875168,227,256,0,256,167,0,0,30,256,8.321000,0.000000,12.270000
3278,1664949592.975170,224,256,0,256,164,0,0,38,256,8.218000,0.000000,12.252000
3279,1664949593.075172,222,256,0,256,167,0,0,35,256,8.268000,0.000000,12.329000
3280,1664949593.175173,214,256,0,256,161,0,0,43,256,8.337000,0.000000,12.095000
3281,1664949593.275174,208,256,0,256,161,0,0,49,256,8.227000,0.000000,12.247000
3282,1664949593.375175,214,256,0,256,170,0,0,43,256,8.253000,0.000000,11.997000
3283,1664949593.475175,216,256,0,256,171,0,0,40,256,8.068000,0.000000,11.839000
3284,1664949593.575175,217,256,0,256,179,0,0,40,256,8.264000,0.000000,12.060000
3285,1664949593.675175,213,256,0,256,176,0,0,45,256,8.251000,0.000000,12.135000
3286,1664949593.775175,211,256,0,256,183,0,0,46,256,8.283000,0.000000,12.112000
3287,1664949593.875175,211,256,0,256,186,0,0,46,256,8.298000,0.000000,11.923000
3288,1664949593.975175,218,256,0,256,196,0,0,38,256,8.314000,0.000000,14.220000
3289,1664949594.075175,219,256,0,256,197,0,0,37,256,8.097000,0.000000,11.803000
3290,1664949594.175175,223,256,0,256,193,0,0,34,256,8.318000,0.000000,11.879000
3291,1664949594.275175,222,256,0,256,187,0,0,36,256,8.538000,0.000000,12.491000
3292,1664949594.375175,219,256,0,256,188,0,0,37,256,8.595000,0.000000,12.326000
3293,1664949594.475175,212,256,0,256,188,0,0,45,256,8.314000,0.000000,11.988000
3294,1664949594.575175,215,256,0,256,190,0,0,43,256,8.306000,0.000000,12.101000
3295,1664949594.675175,217,256,0,256,190,0,0,39,256,8.367000,0.000000,11.922000
3296,1664949594.775175,219,256,0,256,192,0,0,38,256,8.109000,0.000000,11.594000
3297,1664949594.875167,213,256,0,256,184,0,0,45,256,8.061000,0.000000,11.575000
3298,1664949594.975159,218,256,0,256,192,0,0,42,256,8.259000,0.000000,11.869000
3299,1664949595.075154,213,256,0,256,191,0,0,43,256,8.127000,0.000000,11.813000
3300,1664949595.175148,224,256,0,256,180,0,0,32,256,9.411000,0.000000,13.559000
3301,1664949595.275144,213,256,0,256,194,0,0,45,256,9.347000,0.000000,13.377000
3302,1664949595.375140,210,256,0,256,187,0,0,46,256,9.235000,0.000000,13.194000
3303,1664949595.475137,215,256,0,256,195,0,0,41,256,8.040000,0.000000,11.685000
3304,1664949595.575135,221,256,0,256,181,0,0,36,256,8.364000,0.000000,12.060000
3305,1664949595.675133,222,256,0,256,199,0,0,35,256,8.511000,0.000000,12.020000
3306,1664949595.775131,219,256,0,256,195,0,0,37,256,8.139000,0.000000,11.783000
3307,1664949595.875130,221,256,0,256,192,0,0,37,256,8.459000,0.000000,12.493000
3308,1664949595.975128,221,256,0,256,181,0,0,36,256,8.111000,0.000000,11.689000
3309,1664949596.075128,219,256,0,256,173,0,0,37,256,8.306000,0.000000,11.975000
3310,1664949596.175127,216,256,0,256,165,0,0,41,256,8.288000,0.000000,11.878000
3311,1664949596.275127,214,256,0,256,168,0,0,44,256,8.224000,0.000000,11.810000
3312,1664949596.375126,208,256,0,256,169,0,0,49,256,8.283000,0.000000,11.777000
3313,1664949596.475126,216,256,0,256,163,0,0,41,256,8.188000,0.000000,11.783000
3314,1664949596.575125,217,256,0,256,162,0,0,40,256,8.093000,0.000000,11.731000
3315,1664949596.675125,209,256,0,256,151,0,0,50,256,8.222000,0.000000,11.925000
3316,1664949596.775125,210,256,0,256,150,0,0,46,256,8.110000,0.000000,11.803000
3317,1664949596.875125,206,256,0,256,149,0,0,50,256,8.317000,0.000000,12.067000
3318,1664949596.975125,216,256,0,256,156,0,0,43,256,8.160000,0.000000,12.025000
3319,1664949597.075125,214,256,0,256,149,0,0,44,256,8.239000,0.000000,11.934000
3320,1664949597.175125,212,256,0,256,152,0,0,46,256,8.082000,0.000000,11.882000
3321,1664949597.275125,211,256,0,256,147,0,0,47,256,8.103000,0.000000,11.930000
3322,1664949597.375125,215,256,0,256,140,0,0,44,256,8.103000,0.000000,11.961000
3323,1664949597.475125,213,256,0,256,140,0,0,43,256,8.504000,0.000000,12.196000
3324,1664949597.575125,212,256,0,256,147,0,0,45,256,8.137000,0.000000,11.896000
3325,1664949597.675125,212,256,0,256,144,0,0,44,256,8.337000,0.000000,12.352000
3326,1664949597.775125,213,256,0,256,148,0,0,44,256,8.008000,0.000000,13.213000
3327,1664949597.875125,212,256,0,256,150,0,0,44,256,8.306000,0.000000,15.099000
3328,1664949597.975125,209,256,0,256,144,0,0,49,256,7.902000,0.000000,11.756000
3329,1664949598.075125,213,256,0,256,150,0,0,46,256,8.224000,0.000000,11.950000
3330,1664949598.175125,212,256,0,256,150,0,0,45,256,8.232000,0.000000,11.703000
3331,1664949598.275125,212,256,0,256,127,0,0,45,256,8.300000,0.000000,11.979000
3332,1664949598.375125,213,256,0,256,130,0,0,47,256,8.365000,0.000000,12.009000
3333,1664949598.475125,207,256,0,256,129,0,0,52,256,8.433000,0.000000,12.110000
3334,1664949598.575125,212,256,0,256,130,0,0,45,256,8.213000,0.000000,12.002000
3335,1664949598.675125,215,256,0,256,142,0,0,44,256,8.320000,0.000000,11.899000
3336,1664949598.775125,212,256,0,256,152,0,0,48,256,8.186000,0.000000,11.818000
3337,1664949598.875125,206,256,0,256,144,0,0,52,256,8.090000,0.000000,11.704000
3338,1664949598.975125,212,256,0,256,140,0,0,47,256,8.012000,0.000000,11.524000
3339,1664949599.075125,216,256,0,256,136,0,0,44,256,8.015000,0.000000,11.521000
3340,1664949599.175125,217,256,0,256,136,0,0,39,256,8.087000,0.000000,11.977000
3341,1664949599.275125,221,256,0,256,143,0,0,36,256,8.098000,0.000000,11.866000
3342,1664949599.375125,218,256,0,256,149,0,0,41,256,8.278000,0.000000,12.007000
3343,1664949599.475125,218,256,0,256,139,0,0,39,256,8.423000,0.000000,12.077000
3344,1664949599.575125,210,256,0,256,128,0,0,47,256,8.180000,0.000000,11.802000
3345,1664949599.675125,212,256,0,256,140,0,0,45,256,8.243000,0.000000,11.851000
3346,1664949599.775125,207,256,0,256,138,0,0,52,256,8.190000,0.000000,12.244000
3347,1664949599.875125,211,256,0,256,141,0,0,48,256,8.284000,0.000000,11.805000
3348,1664949599.975125,214,256,0,256,149,0,0,43,256,8.339000,0.000000,12.269000
3349,1664949600.075125,218,256,0,256,154,0,0,40,256,8.247000,0.000000,11.681000
3350,1664949600.175125,217,256,0,256,145,0,0,39,256,8.088000,0.000000,11.851000
3351,1664949600.275125,222,256,0,256,139,0,0,35,256,8.423000,0.000000,12.118000
3352,1664949600.375125,216,256,0,256,158,0,0,42,256,8.359000,0.000000,12.421000
3353,1664949600.475125,212,256,0,256,154,0,0,45,256,8.200000,0.000000,12.093000
3354,1664949600.575125,215,256,0,256,152,0,0,42,256,8.193000,0.000000,12.485000
3355,1664949600.675125,221,256,0,256,132,0,0,36,256,8.248000,0.000000,12.059000
3356,1664949600.775125,219,256,0,256,139,0,0,38,256,8.182000,0.000000,11.916000
3357,1664949600.875125,220,256,0,256,141,0,0,38,256,8.305000,0.000000,12.109000
3358,1664949600.975125,219,256,0,256,128,0,0,39,256,8.341000,0.000000,12.240000
3359,1664949601.075125,217,256,0,256,142,0,0,40,256,8.428000,0.000000,11.903000
3360,1664949601.175125,216,256,0,256,134,0,0,41,256,8.572000,0.000000,12.307000
3361,1664949601.275125,208,256,0,256,137,0,0,48,256,8.103000,0.000000,11.874000
3362,1664949601.375125,216,256,0,256,144,0,0,43,256,8.340000,0.000000,11.968000
3363,1664949601.475125,213,256,0,256,138,0,0,44,256,8.267000,0.000000,11.700000
3364,1664949601.575125,221,256,0,256,133,0,0,36,256,8.022000,0.000000,11.575000
3365,1664949601.675125,211,256,0,256,136,0,0,49,256,7.995000,0.000000,11.600000
3366,1664949601.775125,222,256,0,256,130,0,0,37,256,8.478000,0.000000,12.160000
3367,1664949601.875125,215,256,0,256,126,0,0,42,256,8.206000,0.000000,12.009000
3368,1664949601.975125,219,256,0,256,141,0,0,40,256,8.310000,0.000000,12.039000
3369,1664949602.075125,218,256,0,256,147,0,0,42,256,8.332000,0.000000,12.139000
3370,1664949602.175125,224,256,0,256,141,0,0,34,256,8.102000,0.000000,11.829000
3371,1664949602.275125,220,256,0,256,140,0,0,42,256,8.264000,0.000000,12.060000
3372,1664949602.375125,221,256,0,256,136,0,0,35,256,8.308000,0.000000,12.112000
3373,1664949602.475125,218,256,0,256,139,0,0,42,256,8.385000,0.000000,11.982000
3374,1664949602.575125,212,256,0,256,122,0,0,48,256,8.522000,0.000000,12.592000
3375,1664949602.675125,219,256,0,256,127,0,0,41,256,8.269000,0.000000,12.230000
3376,1664949602.775125,217,256,0,256,124,0,0,41,256,8.277000,0.000000,12.159000
3377,1664949602.875125,214,256,0,256,123,0,0,43,256,8.290000,0.000000,12.201000
3378,1664949602.975125,221,256,0,256,139,0,0,38,256,8.106000,0.000000,11.894000
3379,1664949603.075125,216,256,0,256,127,0,0,41,256,8.343000,0.000000,12.029000
3380,1664949603.175125,214,256,0,256,131,0,0,42,256,9.867000,0.000000,13.659000
3381,1664949603.275125,218,256,0,256,125,0,0,40,256,9.509000,0.000000,13.641000
3382,1664949603.375125,220,256,0,256,127,0,0,39,256,8.256000,0.000000,11.669000
3383,1664949603.475125,223,256,0,256,121,0,0,34,256,8.268000,0.000000,11.896000
3384,1664949603.575125,221,256,0,256,123,0,0,39,256,8.198000,0.000000,11.990000
3385,1664949603.675125,213,256,0,256,135,0,0,45,256,8.226000,0.000000,12.281000
3386,1664949603.775125,209,256,0,256,131,0,0,48,256,8.256000,0.000000,12.558000
3387,1664949603.875125,207,256,0,256,133,0,0,51,256,8.264000,0.000000,12.338000
3388,1664949603.975125,217,256,0,256,141,0,0,40,256,8.453000,0.000000,12.638000
3389,1664949604.075125,216,256,0,256,132,0,0,45,256,8.197000,0.000000,12.021000
3390,1664949604.175125,213,256,0,256,144,0,0,45,256,8.226000,0.000000,11.892000
3391,1664949604.275125,225,256,0,256,139,0,0,36,256,8.530000,0.000000,12.278000
3392,1664949604.375125,212,256,0,256,136,0,0,47,256,8.291000,0.000000,11.856000
3393,1664949604.475125,212,256,0,256,143,0,0,45,256,8.337000,0.000000,12.086000
3394,1664949604.575125,212,256,0,256,143,0,0,44,256,8.577000,0.000000,12.143000
3395,1664949604.675125,211,256,0,256,136,0,0,48,256,8.363000,0.000000,12.230000
3396,1664949604.775125,213,256,0,256,142,0,0,44,256,8.346000,0.000000,12.288000
3397,1664949604.875125,219,256,0,256,146,0,0,37,256,8.498000,0.000000,12.238000
3398,1664949604.975125,223,256,0,256,142,0,0,37,256,8.282000,0.000000,13.323000
3399,1664949605.075125,218,256,0,256,141,0,0,39,256,8.321000,0.000000,12.181000
3400,1664949605.175125,209,256,0,256,145,0,0,49,256,8.423000,0.000000,12.210000
3401,1664949605.275125,214,256,0,256,147,0,0,44,256,8.213000,0.000000,11.690000
3402,1664949605.375125,214,256,0,256,151,0,0,43,256,8.514000,0.000000,12.138000
3403,1664949605.475125,222,256,0,256,146,0,0,38,256,8.329000,0.000000,12.154000
3404,1664949605.575125,217,256,0,256,144,0,0,39,256,8.024000,0.000000,11.512000
3405,1664949605.675125,219,256,0,256,150,0,0,38,256,8.244000,0.000000,11.862000
3406,1664949605.775125,219,256,0,256,143,0,0,37,256,8.010000,0.000000,11.803000
3407,1664949605.875125,217,256,0,256,146,0,0,41,256,8.491000,0.000000,12.487000
3408,1664949605.975125,213,256,0,256,151,0,0,45,256,8.215000,0.000000,12.012000
3409,1664949606.075125,220,256,0,256,158,0,0,37,256,8.066000,0.000000,11.600000
3410,1664949606.175125,221,256,0,256,163,0,0,36,256,8.297000,0.000000,11.966000
3411,1664949606.275125,226,256,0,256,172,0,0,31,256,8.193000,0.000000,11.610000
3412,1664949606.375125,226,256,0,256,164,0,0,32,256,8.518000,0.000000,12.075000
3413,1664949606.475125,224,256,0,256,167,0,0,33,256,8.189000,0.000000,11.741000
3414,1664949606.575125,225,256,0,256,168,0,0,33,256,8.274000,0.000000,11.977000
3415,1664949606.675125,226,256,0,256,175,0,0,32,256,9.850000,0.000000,13.471000
3416,1664949606.775125,228,256,0,256,171,0,0,33,256,9.770000,0.000000,13.402000
3417,1664949606.875125,224,256,0,256,170,0,0,32,256,8.422000,0.000000,13.801000
3418,1664949606.975125,223,256,0,256,162,0,0,35,256,8.341000,0.000000,13.432000
3419,1664949607.075125,222,256,0,256,171,0,0,34,256,8.021000,0.000000,12.668000
3420,1664949607.175125,216,256,0,256,168,0,0,41,256,8.348000,0.000000,13.162000
3421,1664949607.275125,224,256,0,256,169,0,0,36,256,8.221000,0.000000,11.922000
3422,1664949607.375125,220,256,0,256,181,0,0,37,256,9.410000,0.000000,13.392000
3423,1664949607.475125,222,256,0,256,169,0,0,38,256,9.158000,0.000000,13.276000
3424,1664949607.575125,223,256,0,256,170,0,0,36,256,9.441000,0.000000,15.579000
3425,1664949607.675125,223,256,0,256,168,0,0,36,256,8.319000,0.000000,12.226000
3426,1664949607.775125,226,256,0,256,171,0,0,30,256,8.287000,0.000000,12.041000
3427,1664949607.875125,222,256,0,256,168,0,0,35,256,8.621000,0.000000,12.492000
3428,1664949607.975125,221,256,0,256,170,0,0,36,256,8.310000,0.000000,12.113000
3429,1664949608.075125,222,256,0,256,168,0,0,34,256,8.275000,0.000000,11.940000
3430,1664949608.175125,222,256,0,256,172,0,0,38,256,8.293000,0.000000,11.766000
3431,1664949608.275125,225,256,0,256,168,0,0,32,256,8.095000,0.000000,11.525000
3432,1664949608.375125,224,256,0,256,167,0,0,33,256,8.535000,0.000000,12.141000
3433,1664949608.475125,225,256,0,256,168,0,0,37,256,8.285000,0.000000,11.880000
3434,1664949608.575125,218,256,0,256,183,0,0,40,256,8.307000,0.000000,11.821000
3435,1664949608.675125,222,256,0,256,177,0,0,37,256,8.309000,0.000000,12.005000
3436,1664949608.775125,223,256,0,256,169,0,0,35,256,8.324000,0.000000,11.867000
3437,1664949608.875125,223,256,0,256,162,0,0,34,256,8.361000,0.000000,11.961000
3438,1664949608.975125,221,256,0,256,157,0,0,36,256,8.349000,0.000000,11.974000
3439,1664949609.075125,225,256,0,256,165,0,0,31,256,8.042000,0.000000,11.628000
3440,1664949609.175125,225,256,0,256,179,0,0,33,256,8.057000,0.000000,11.679000
3441,1664949609.275125,226,256,0,256,174,0,0,32,256,8.307000,0.000000,11.922000
3442,1664949609.375125,229,256,0,256,159,0,0,30,256,8.370000,0.000000,12.095000
3443,1664949609.475125,225,256,0,256,155,0,0,33,256,8.302000,0.000000,12.150000
3444,1664949609.575125,220,256,0,256,165,0,0,38,256,8.273000,0.000000,11.927000
3445,1664949609.675125,221,256,0,256,167,0,0,39,256,8.277000,0.000000,11.967000
3446,1664949609.775125,224,256,0,256,161,0,0,32,256,8.575000,0.000000,12.332000
3447,1664949609.875125,221,256,0,256,152,0,0,37,256,8.233000,0.000000,12.128000
3448,1664949609.975125,220,256,0,256,150,0,0,36,256,8.236000,0.000000,11.998000
3449,1664949610.075125,220,256,0,256,153,0,0,37,256,8.323000,0.000000,11.955000
3450,1664949610.175125,217,256,0,256,166,0,0,41,256,8.347000,0.000000,12.293000
3451,1664949610.275125,215,256,0,256,156,0,0,41,256,8.241000,0.000000,11.870000
3452,1664949610.375125,219,256,0,256,146,0,0,38,256,8.047000,0.000000,11.844000
3453,1664949610.475125,215,256,0,256,145,0,0,42,256,8.559000,0.000000,12.314000
3454,1664949610.575125,206,256,0,256,142,0,0,52,256,8.488000,0.000000,12.299000
3455,1664949610.675125,214,256,0,256,141,0,0,43,256,9.280000,0.000000,13.271000
3456,1664949610.775125,206,256,0,256,134,0,0,50,256,8.284000,0.000000,12.169000
3457,1664949610.875125,208,256,0,256,135,0,0,48,256,8.538000,0.000000,12.298000
3458,1664949610.975125,210,256,0,256,139,0,0,47,256,8.563000,0.000000,12.161000
3459,1664949611.075125,204,256,0,256,131,0,0,53,256,8.401000,0.000000,12.117000
3460,1664949611.175125,205,256,0,256,123,0,0,55,256,8.283000,0.000000,12.081000
3461,1664949611.275125,198,256,0,256,119,0,0,58,256,8.552000,0.000000,12.240000
3462,1664949611.375125,201,256,0,256,116,0,0,58,256,8.554000,0.000000,12.568000
3463,1664949611.475125,210,256,0,256,111,0,0,47,256,8.488000,0.000000,12.675000
3464,1664949611.575125,204,256,0,256,110,0,0,52,256,8.142000,0.000000,11.981000
3465,1664949611.675125,206,256,0,256,105,0,0,51,256,9.448000,0.000000,13.709000
3466,1664949611.775125,197,256,0,256,118,0,0,61,256,9.392000,0.000000,13.301000
3467,1664949611.875125,201,256,0,256,126,0,0,56,256,8.310000,0.000000,12.248000
3468,1664949611.975125,205,256,0,256,134,0,0,51,256,7.894000,0.000000,12.002000
3469,1664949612.075125,204,256,0,256,132,0,0,54,256,8.391000,0.000000,12.442000
3470,1664949612.175125,206,256,0,256,132,0,0,52,256,8.450000,0.000000,12.324000
3471,1664949612.275125,204,256,0,256,129,0,0,53,256,9.809000,0.000000,14.137000
3472,1664949612.375125,211,256,0,256,124,0,0,45,256,9.155000,0.000000,14.005000
3473,1664949612.475125,207,256,0,256,130,0,0,50,256,8.326000,0.000000,12.478000
3474,1664949612.575125,202,256,0,256,135,0,0,56,256,8.158000,0.000000,12.130000
3475,1664949612.675125,208,256,0,256,132,0,0,49,256,9.591000,0.000000,14.939000
3476,1664949612.775125,211,256,0,256,141,0,0,46,256,11.478000,0.000000,15.407000
3477,1664949612.875125,214,256,0,256,130,0,0,45,256,9.065000,0.000000,13.160000
3478,1664949612.975125,210,256,0,256,138,0,0,46,256,8.313000,0.000000,12.359000
3479,1664949613.075125,208,256,0,256,142,0,0,50,256,9.216000,0.000000,13.367000
3480,1664949613.175125,204,256,0,256,149,0,0,53,256,9.753000,0.000000,14.533000
3481,1664949613.275125,213,256,0,256,151,0,0,43,256,8.411000,0.000000,12.822000
3482,1664949613.375125,220,256,0,256,152,0,0,39,256,8.247000,0.000000,11.830000
3483,1664949613.475125,222,256,0,256,148,0,0,35,256,8.592000,0.000000,12.278000
3484,1664949613.575125,220,256,0,256,145,0,0,40,256,9.883000,0.000000,14.642000
3485,1664949613.675125,222,256,0,256,146,0,0,34,256,9.670000,0.000000,14.976000
3486,1664949613.775125,221,256,0,256,159,0,0,36,256,9.490000,0.000000,13.811000
3487,1664949613.875125,226,256,0,256,156,0,0,33,256,8.310000,0.000000,12.154000
3488,1664949613.975125,224,256,0,256,157,0,0,34,256,8.261000,0.000000,11.976000
3489,1664949614.075125,221,256,0,256,145,0,0,36,256,8.294000,0.000000,12.180000
3490,1664949614.175125,216,256,0,256,135,0,0,42,256,8.416000,0.000000,11.842000
3491,1664949614.275125,211,256,0,256,143,0,0,47,256,10.078000,0.000000,14.692000
3492,1664949614.375125,220,256,0,256,134,0,0,38,256,9.866000,0.000000,14.668000
3493,1664949614.475125,217,256,0,256,146,0,0,43,256,8.573000,0.000000,12.850000
3494,1664949614.575125,210,256,0,256,144,0,0,47,256,8.309000,0.000000,12.262000
3495,1664949614.675125,217,256,0,256,132,0,0,41,256,8.713000,0.000000,12.598000
3496,1664949614.775125,200,256,0,256,155,0,0,58,256,8.092000,0.000000,11.730000
3497,1664949614.875125,209,256,0,256,147,0,0,48,256,8.431000,0.000000,12.045000
3498,1664949614.975125,205,256,0,256,156,0,0,53,256,8.383000,0.000000,12.144000
3499,1664949615.075125,210,256,0,256,153,0,0,47,256,8.300000,0.000000,11.804000
3500,1664949615.175125,210,256,0,256,160,0,0,46,256,8.445000,0.000000,11.963000
3501,1664949615.275125,214,256,0,256,164,0,0,44,256,8.613000,0.000000,12.189000
3502,1664949615.375125,225,256,0,256,166,0,0,33,256,8.313000,0.000000,12.037000
3503,1664949615.475125,223,256,0,256,157,0,0,36,256,8.245000,0.000000,11.908000
3504,1664949615.575125,226,256,0,256,159,0,0,31,256,8.463000,0.000000,12.030000
3505,1664949615.675125,219,256,0,256,153,0,0,40,256,8.358000,0.000000,11.775000
3506,1664949615.775125,212,256,0,256,164,0,0,45,256,8.352000,0.000000,11.896000
3507,1664949615.875125,215,256,0,256,171,0,0,45,256,8.356000,0.000000,12.157000
3508,1664949615.975125,220,256,0,256,175,0,0,36,256,8.241000,0.000000,11.691000
3509,1664949616.075125,219,256,0,256,164,0,0,40,256,8.355000,0.000000,12.130000
3510,1664949616.175125,221,256,0,256,167,0,0,35,256,8.404000,0.000000,12.125000
3511,1664949616.275125,224,256,0,256,167,0,0,33,256,8.319000,0.000000,11.904000
3512,1664949616.375125,227,256,0,256,165,0,0,31,256,8.338000,0.000000,12.143000
3513,1664949616.475125,225,256,0,256,164,0,0,35,256,8.323000,0.000000,12.136000
3514,1664949616.575125,224,256,0,256,159,0,0,34,256,8.390000,0.000000,12.147000
3515,1664949616.675125,222,256,0,256,169,0,0,36,256,8.288000,0.000000,12.041000
3516,1664949616.775125,219,256,0,256,154,0,0,41,256,8.294000,0.000000,11.962000
3517,1664949616.875125,218,256,0,256,167,0,0,38,256,8.326000,0.000000,12.038000
3518,1664949616.975125,225,256,0,256,162,0,0,34,256,8.341000,0.000000,11.977000
3519,1664949617.075125,219,256,0,256,174,0,0,41,256,8.376000,0.000000,12.089000
3520,1664949617.175125,221,256,0,256,169,0,0,35,256,8.338000,0.000000,11.814000
3521,1664949617.275125,227,256,0,256,154,0,0,31,256,9.570000,0.000000,13.438000
3522,1664949617.375125,226,256,0,256,170,0,0,34,256,9.625000,0.000000,13.486000
3523,1664949617.475125,222,256,0,256,178,0,0,34,256,8.513000,0.000000,12.040000
3524,1664949617.575125,228,256,0,256,171,0,0,29,256,8.280000,0.000000,11.867000
3525,1664949617.675125,224,256,0,256,169,0,0,34,256,8.714000,0.000000,12.445000
3526,1664949617.775125,220,256,0,256,160,0,0,38,256,8.357000,0.000000,12.584000
3527,1664949617.875125,214,256,0,256,172,0,0,43,256,8.321000,0.000000,12.019000
3528,1664949617.975125,219,256,0,256,174,0,0,39,256,8.230000,0.000000,11.850000
3529,1664949618.075125,222,256,0,256,174,0,0,36,256,8.325000,0.000000,12.054000
3530,1664949618.175125,223,256,0,256,180,0,0,36,256,8.333000,0.000000,11.929000
3531,1664949618.275125,222,256,0,256,185,0,0,36,256,8.234000,0.000000,11.880000
3532,1664949618.375125,222,256,0,256,183,0,0,34,256,8.299000,0.000000,12.418000
3533,1664949618.475125,225,256,0,256,186,0,0,33,256,8.337000,0.000000,11.981000
3534,1664949618.575125,224,256,0,256,173,0,0,34,256,8.391000,0.000000,12.111000
3535,1664949618.675125,227,256,0,256,180,0,0,31,256,8.315000,0.000000,11.793000
3536,1664949618.775125,226,256,0,256,179,0,0,31,256,8.383000,0.000000,12.062000
3537,1664949618.875125,219,256,0,256,183,0,0,38,256,8.358000,0.000000,11.873000
3538,1664949618.975125,222,256,0,256,176,0,0,34,256,8.240000,0.000000,11.868000
3539,1664949619.075125,217,256,0,256,175,0,0,40,256,8.549000,0.000000,12.164000
3540,1664949619.175125,212,256,0,256,171,0,0,45,256,7.950000,0.000000,11.979000
3541,1664949619.275125,221,256,0,256,172,0,0,36,256,8.335000,0.000000,11.998000
3542,1664949619.375125,226,256,0,256,160,0,0,31,256,8.027000,0.000000,11.599000
3543,1664949619.475125,229,256,0,256,155,0,0,28,256,8.271000,0.000000,11.760000
3544,1664949619.575125,233,256,0,256,155,0,0,25,256,8.099000,0.000000,11.763000
3545,1664949619.675125,241,256,0,256,146,0,0,16,256,8.336000,0.000000,11.888000
3546,1664949619.775125,240,256,0,256,151,0,0,18,256,8.171000,0.000000,11.856000
3547,1664949619.875125,236,256,0,256,147,0,0,20,256,8.504000,0.000000,12.363000
3548,1664949619.975125,235,256,0,256,156,0,0,21,256,8.368000,0.000000,11.993000
3549,1664949620.075125,233,256,0,256,145,0,0,23,256,8.385000,0.000000,12.215000
3550,1664949620.175125,238,256,0,256,158,0,0,18,256,7.981000,0.000000,12.023000
3551,1664949620.275125,239,256,0,256,163,0,0,17,256,8.247000,0.000000,11.983000
3552,1664949620.375125,237,256,0,256,165,0,0,19,256,8.387000,0.000000,12.019000
3553,1664949620.475125,238,256,0,256,169,0,0,19,256,8.615000,0.000000,12.347000
3554,1664949620.575125,236,256,0,256,169,0,0,22,256,8.298000,0.000000,12.029000
3555,1664949620.675125,237,256,0,256,169,0,0,20,256,8.323000,0.000000,12.129000
3556,1664949620.775125,232,256,0,256,174,0,0,24,256,8.314000,0.000000,12.106000
3557,1664949620.875125,234,256,0,256,167,0,0,24,256,8.077000,0.000000,11.763000
3558,1664949620.975125,231,256,0,256,165,0,0,25,256,8.310000,0.000000,12.001000
3559,1664949621.075125,228,256,0,256,166,0,0,29,256,8.453000,0.000000,12.111000
3560,1664949621.175125,230,256,0,256,162,0,0,28,256,8.511000,0.000000,12.150000
3561,1664949621.275125,233,256,0,256,167,0,0,24,256,8.223000,0.000000,11.983000
3562,1664949621.375125,235,256,0,256,174,0,0,24,256,8.103000,0.000000,11.889000
3563,1664949621.475125,231,256,0,256,171,0,0,28,256,8.283000,0.000000,11.750000
3564,1664949621.575125,228,256,0,256,180,0,0,29,256,8.402000,0.000000,11.987000
3565,1664949621.675125,233,256,0,256,167,0,0,24,256,8.048000,0.000000,11.678000
3566,1664949621.775125,220,256,0,256,172,0,0,37,256,8.228000,0.000000,12.096000
3567,1664949621.875125,224,256,0,256,173,0,0,32,256,8.562000,0.000000,12.329000
3568,1664949621.975125,235,256,0,256,175,0,0,23,256,8.352000,0.000000,11.912000
3569,1664949622.075125,248,256,0,256,178,0,0,11,256,8.303000,0.000000,11.813000
3570,1664949622.175125,245,256,0,256,179,0,0,12,256,8.372000,0.000000,12.004000
3571,1664949622.275125,244,256,0,256,171,0,0,13,256,8.380000,0.000000,11.999000
3572,1664949622.375125,241,256,0,256,167,0,0,18,256,8.218000,0.000000,11.824000
3573,1664949622.475125,241,256,0,256,177,0,0,16,256,8.232000,0.000000,11.974000
3574,1664949622.575125,240,256,0,256,174,0,0,19,256,8.272000,0.000000,11.894000
3575,1664949622.675125,241,256,0,256,176,0,0,16,256,8.603000,0.000000,12.124000
3576,1664949622.775125,240,256,0,256,170,0,0,18,256,8.269000,0.000000,11.962000
3577,1664949622.875125,238,256,0,256,167,0,0,19,256,8.315000,0.000000,11.931000
3578,1664949622.975125,238,256,0,256,164,0,0,19,256,8.302000,0.000000,11.866000
3579,1664949623.075125,230,256,0,256,169,0,0,28,256,8.388000,0.000000,11.980000
3580,1664949623.175125,239,256,0,256,172,0,0,19,256,8.402000,0.000000,12.150000
3581,1664949623.275125,239,256,0,256,170,0,0,18,256,8.339000,0.000000,11.975000
3582,1664949623.375125,235,256,0,256,169,0,0,21,256,8.328000,0.000000,12.221000
3583,1664949623.475125,240,256,0,256,166,0,0,16,256,8.331000,0.000000,12.025000
3584,1664949623.575125,243,256,0,256,172,0,0,17,256,8.317000,0.000000,11.994000
3585,1664949623.675125,248,256,0,256,175,0,0,10,256,8.322000,0.000000,12.104000
3586,1664949623.775125,246,256,0,256,177,0,0,13,256,8.524000,0.000000,13.469000
3587,1664949623.875125,241,256,0,256,178,0,0,17,256,8.234000,0.000000,11.863000
3588,1664949623.975125,237,256,0,256,172,0,0,20,256,8.469000,0.000000,12.108000
3589,1664949624.075125,239,256,0,256,167,0,0,19,256,8.460000,0.000000,12.414000
3590,1664949624.175125,235,256,0,256,174,0,0,24,256,8.035000,0.000000,11.792000
3591,1664949624.275125,239,256,0,256,159,0,0,20,256,8.311000,0.000000,12.303000
3592,1664949624.375125,234,256,0,256,167,0,0,23,256,8.086000,0.000000,11.715000
3593,1664949624.475125,242,256,0,256,169,0,0,15,256,8.308000,0.000000,12.167000
3594,1664949624.575125,240,256,0,256,173,0,0,17,256,8.349000,0.000000,12.044000
3595,1664949624.675125,242,256,0,256,171,0,0,17,256,8.127000,0.000000,11.595000
3596,1664949624.775125,237,256,0,256,170,0,0,22,256,8.349000,0.000000,11.894000
3597,1664949624.875125,237,256,0,256,179,0,0,22,256,8.304000,0.000000,11.917000
3598,1664949624.975125,235,256,0,256,169,0,0,24,256,8.326000,0.000000,12.132000
3599,1664949625.075125,230,256,0,256,157,0,0,29,256,8.225000,0.000000,11.818000
3600,1664949625.175125,229,256,0,256,150,0,0,28,256,8.303000,0.000000,12.047000
3601,1664949625.275125,232,256,0,256,144,0,0,25,256,8.336000,0.000000,11.871000
3602,1664949625.375125,225,256,0,256,146,0,0,34,256,8.539000,0.000000,12.391000
3603,1664949625.475125,227,256,0,256,155,0,0,32,256,8.514000,0.000000,12.593000
3604,1664949625.575125,234,256,0,256,154,0,0,25,256,8.016000,0.000000,11.734000
3605,1664949625.675125,231,256,0,256,144,0,0,27,256,8.365000,0.000000,12.080000
3606,1664949625.775125,224,256,0,256,153,0,0,34,256,8.058000,0.000000,11.886000
3607,1664949625.875125,226,256,0,256,163,0,0,33,256,8.378000,0.000000,11.879000
3608,1664949625.975125,221,256,0,256,167,0,0,35,256,8.255000,0.000000,11.920000
3609,1664949626.075125,225,256,0,256,148,0,0,34,256,8.330000,0.000000,12.059000
3610,1664949626.175125,217,256,0,256,164,0,0,40,256,8.369000,0.000000,12.031000
3611,1664949626.275125,223,256,0,256,165,0,0,36,256,8.545000,0.000000,12.492000
3612,1664949626.375125,229,256,0,256,159,0,0,28,256,8.295000,0.000000,12.090000
3613,1664949626.475125,220,256,0,256,155,0,0,40,256,8.345000,0.000000,12.336000
3614,1664949626.575125,223,256,0,256,154,0,0,36,256,8.361000,0.000000,12.216000
3615,1664949626.675125,219,256,0,256,128,0,0,40,256,8.205000,0.000000,12.011000
3616,1664949626.775125,219,256,0,256,127,0,0,39,256,8.110000,0.000000,11.889000
3617,1664949626.875125,225,256,0,256,135,0,0,31,256,8.553000,0.000000,12.298000
3618,1664949626.975125,230,256,0,256,134,0,0,31,256,8.512000,0.000000,12.232000
3619,1664949627.075125,219,256,0,256,121,0,0,39,256,8.134000,0.000000,11.904000
3620,1664949627.175125,224,256,0,256,122,0,0,36,256,8.498000,0.000000,12.254000
3621,1664949627.275125,219,256,0,256,122,0,0,37,256,8.547000,0.000000,12.345000
3622,1664949627.375125,218,256,0,256,121,0,0,41,256,8.319000,0.000000,12.094000
3623,1664949627.475125,221,256,0,256,111,0,0,36,256,8.370000,0.000000,12.163000
3624,1664949627.575125,224,256,0,256,113,0,0,36,256,8.340000,0.000000,12.321000
3625,1664949627.675125,226,256,0,256,104,0,0,33,256,8.382000,0.000000,12.378000
3626,1664949627.775125,219,256,0,256,99,0,0,39,256,8.387000,0.000000,12.210000
3627,1664949627.875125,222,256,0,256,109,0,0,36,256,8.067000,0.000000,12.058000
3628,1664949627.975125,224,256,0,256,117,0,0,35,256,8.138000,0.000000,12.084000
3629,1664949628.075125,223,256,0,256,106,0,0,35,256,8.220000,0.000000,12.190000
3630,1664949628.175125,222,256,0,256,104,0,0,36,256,8.311000,0.000000,12.301000
3631,1664949628.275125,223,256,0,256,108,0,0,34,256,8.356000,0.000000,12.251000
3632,1664949628.375125,217,256,0,256,107,0,0,40,256,8.304000,0.000000,12.202000
3633,1664949628.475125,216,256,0,256,101,0,0,42,256,8.317000,0.000000,12.306000
3634,1664949628.575125,213,256,0,256,104,0,0,44,256,8.084000,0.000000,12.063000
3635,1664949628.675125,212,256,0,256,119,0,0,44,256,8.336000,0.000000,12.102000
3636,1664949628.775125,215,256,0,256,121,0,0,42,256,8.566000,0.000000,12.455000
3637,1664949628.875125,220,256,0,256,130,0,0,37,256,8.521000,0.000000,12.222000
3638,1664949628.975125,222,256,0,256,124,0,0,37,256,8.306000,0.000000,12.135000
3639,1664949629.075125,222,256,0,256,124,0,0,37,256,8.287000,0.000000,12.303000
3640,1664949629.175125,225,256,0,256,127,0,0,31,256,8.020000,0.000000,11.979000
3641,1664949629.275125,226,256,0,256,131,0,0,31,256,8.561000,0.000000,12.293000
3642,1664949629.375125,232,256,0,256,134,0,0,25,256,8.341000,0.000000,12.031000
3643,1664949629.475125,221,256,0,256,125,0,0,36,256,8.396000,0.000000,12.353000
3644,1664949629.575125,223,256,0,256,132,0,0,34,256,8.284000,0.000000,12.106000
3645,1664949629.675125,222,256,0,256,136,0,0,35,256,8.040000,0.000000,12.016000
3646,1664949629.775125,217,256,0,256,128,0,0,40,256,8.136000,0.000000,11.761000
3647,1664949629.875125,224,256,0,256,117,0,0,36,256,8.278000,0.000000,12.431000
3648,1664949629.975125,218,256,0,256,126,0,0,38,256,8.343000,0.000000,12.174000
3649,1664949630.075125,229,256,0,256,125,0,0,29,256,8.341000,0.000000,12.152000
3650,1664949630.175125,216,256,0,256,136,0,0,42,256,8.298000,0.000000,12.032000
3651,1664949630.275125,225,256,0,256,138,0,0,32,256,8.352000,0.000000,12.108000
3652,1664949630.375125,227,256,0,256,141,0,0,30,256,8.295000,0.000000,12.206000
3653,1664949630.475125,226,256,0,256,148,0,0,32,256,8.105000,0.000000,11.865000
3654,1664949630.575125,234,256,0,256,147,0,0,22,256,8.297000,0.000000,11.937000
3655,1664949630.675125,238,256,0,256,146,0,0,19,256,8.368000,0.000000,12.091000
3656,1664949630.775125,239,256,0,256,140,0,0,20,256,8.346000,0.000000,12.197000
3657,1664949630.875125,228,256,0,256,135,0,0,30,256,8.581000,0.000000,12.400000
3658,1664949630.975125,225,256,0,256,133,0,0,32,256,8.316000,0.000000,12.400000
3659,1664949631.075125,229,256,0,256,133,0,0,27,256,8.368000,0.000000,11.869000
3660,1664949631.175125,233,256,0,256,132,0,0,24,256,8.231000,0.000000,11.968000
3661,1664949631.275125,222,256,0,256,126,0,0,35,256,8.222000,0.000000,12.148000
3662,1664949631.375125,231,256,0,256,123,0,0,28,256,8.285000,0.000000,11.859000
3663,1664949631.475125,228,256,0,256,117,0,0,30,256,8.362000,0.000000,12.139000
3664,1664949631.575125,230,256,0,256,114,0,0,27,256,8.490000,0.000000,12.561000
3665,1664949631.675125,231,256,0,256,108,0,0,25,256,8.030000,0.000000,11.969000
3666,1664949631.775125,231,256,0,256,102,0,0,28,256,8.016000,0.000000,11.982000
3667,1664949631.875125,223,256,0,256,90,0,0,34,256,8.293000,0.000000,12.264000
3668,1664949631.975125,227,256,0,256,98,0,0,29,256,8.329000,0.000000,12.505000
3669,1664949632.075125,232,256,0,256,92,0,0,24,256,8.359000,0.000000,12.185000
3670,1664949632.175125,229,256,0,256,100,0,0,27,256,8.576000,0.000000,12.454000
3671,1664949632.275125,224,256,0,256,100,0,0,33,256,8.226000,0.000000,12.117000
3672,1664949632.375125,219,256,0,256,97,0,0,38,256,8.493000,0.000000,12.475000
3673,1664949632.475125,226,256,0,256,95,0,0,31,256,8.372000,0.000000,12.448000
3674,1664949632.575125,226,256,0,256,87,0,0,31,256,8.396000,0.000000,12.119000
3675,1664949632.675125,224,256,0,256,86,0,0,32,256,8.348000,0.000000,12.258000
3676,1664949632.775125,226,256,0,256,90,0,0,30,256,8.315000,0.000000,12.209000
3677,1664949632.875125,222,256,0,256,92,0,0,34,256,7.947000,0.000000,11.835000
3678,1664949632.975125,224,256,0,256,91,0,0,32,256,8.294000,0.000000,12.068000
3679,1664949633.075125,222,256,0,256,96,0,0,35,256,8.550000,0.000000,12.707000
3680,1664949633.175125,221,256,0,256,93,0,0,37,256,8.170000,0.000000,12.064000
3681,1664949633.275125,218,256,0,256,103,0,0,39,256,8.535000,0.000000,12.600000
3682,1664949633.375125,208,256,0,256,108,0,0,50,256,8.412000,0.000000,12.263000
3683,1664949633.475125,236,256,0,256,111,0,0,20,256,8.292000,0.000000,12.149000
3684,1664949633.575125,237,256,0,256,113,0,0,21,256,8.589000,0.000000,12.621000
3685,1664949633.675125,233,256,0,256,116,0,0,24,256,8.241000,0.000000,12.083000
3686,1664949633.775125,231,256,0,256,117,0,0,27,256,8.362000,0.000000,12.443000
3687,1664949633.875125,233,256,0,256,125,0,0,26,256,8.320000,0.000000,12.264000
3688,1664949633.975125,232,256,0,256,127,0,0,24,256,8.332000,0.000000,12.089000
3689,1664949634.075125,224,256,0,256,128,0,0,32,256,8.011000,0.000000,11.838000
3690,1664949634.175125,228,256,0,256,128,0,0,29,256,8.327000,0.000000,11.980000
3691,1664949634.275125,226,256,0,256,142,0,0,30,256,8.273000,0.000000,11.834000
3692,1664949634.375125,226,256,0,256,139,0,0,31,256,8.280000,0.000000,12.083000
3693,1664949634.475125,234,256,0,256,148,0,0,23,256,8.337000,0.000000,12.000000
3694,1664949634.575125,234,256,0,256,154,0,0,22,256,8.492000,0.000000,12.198000
3695,1664949634.675125,232,256,0,256,160,0,0,25,256,8.321000,0.000000,11.859000
3696,1664949634.775125,228,256,0,256,168,0,0,28,256,8.095000,0.000000,12.086000
3697,1664949634.875125,231,256,0,256,174,0,0,26,256,8.218000,0.000000,11.684000
3698,1664949634.975125,232,256,0,256,172,0,0,24,256,8.024000,0.000000,11.235000
3699,1664949635.075119,225,256,0,256,174,0,0,31,256,8.340000,0.000000,11.777000
3700,1664949635.175114,229,256,0,256,169,0,0,27,256,8.250000,0.000000,11.768000
3701,1664949635.275110,226,256,0,256,173,0,0,32,256,8.200000,0.000000,11.946000
3702,1664949635.375107,221,256,0,256,159,0,0,37,256,8.271000,0.000000,11.914000
3703,1664949635.475104,219,256,0,256,154,0,0,38,256,8.022000,0.000000,11.814000
3704,1664949635.575102,221,256,0,256,159,0,0,36,256,8.207000,0.000000,11.806000
3705,1664949635.675099,220,256,0,256,160,0,0,36,256,8.334000,0.000000,12.047000
3706,1664949635.775097,224,256,0,256,164,0,0,33,256,8.183000,0.000000,11.802000
3707,1664949635.875094,214,256,0,256,163,0,0,44,256,8.417000,0.000000,12.286000
3708,1664949635.975092,211,256,0,256,162,0,0,45,256,8.551000,0.000000,11.895000
3709,1664949636.075090,206,256,0,256,164,0,0,50,256,8.193000,0.000000,11.836000
3710,1664949636.175088,211,256,0,256,172,0,0,45,256,8.277000,0.000000,11.836000
3711,1664949636.275086,221,256,0,256,171,0,0,37,256,8.358000,0.000000,11.818000
3712,1664949636.375085,219,256,0,256,177,0,0,39,256,8.030000,0.000000,11.832000
3713,1664949636.475082,229,256,0,256,178,0,0,27,256,8.291000,0.000000,11.570000
3714,1664949636.575081,227,256,0,256,174,0,0,30,256,8.302000,0.000000,11.606000
3715,1664949636.675079,230,256,0,256,175,0,0,26,256,8.277000,0.000000,11.812000
3716,1664949636.775078,230,256,0,256,168,0,0,27,256,8.133000,0.000000,11.506000
3717,1664949636.875077,228,256,0,256,171,0,0,30,256,8.261000,0.000000,11.611000
3718,1664949636.975076,233,256,0,256,168,0,0,25,256,8.277000,0.000000,12.130000
3719,1664949637.075077,229,256,0,256,169,0,0,28,256,8.290000,0.000000,11.973000
3720,1664949637.175076,225,256,0,256,171,0,0,33,256,8.294000,0.000000,11.440000
3721,1664949637.275077,228,256,0,256,173,0,0,29,256,8.523000,0.000000,11.806000
3722,1664949637.375077,231,256,0,256,175,0,0,27,256,8.300000,0.000000,11.813000
3723,1664949637.475076,234,256,0,256,185,0,0,24,256,8.587000,0.000000,12.006000
3724,1664949637.575077,237,256,0,256,192,0,0,21,256,8.527000,0.000000,11.876000
3725,1664949637.675076,243,256,0,256,198,0,0,15,256,8.020000,0.000000,11.287000
3726,1664949637.775077,241,256,0,256,196,0,0,18,256,8.253000,0.000000,11.983000
3727,1664949637.875077,240,256,0,256,189,0,0,18,256,8.261000,0.000000,11.570000
3728,1664949637.975076,242,256,0,256,192,0,0,15,256,8.422000,0.000000,11.843000
3729,1664949638.075077,248,256,0,256,197,0,0,12,256,8.310000,0.000000,11.554000
3730,1664949638.175076,250,256,0,256,188,0,0,6,256,8.181000,0.000000,11.804000
3731,1664949638.275077,248,256,0,256,187,0,0,8,256,8.223000,0.000000,11.505000
3732,1664949638.375077,249,256,0,256,191,0,0,9,256,8.222000,0.000000,11.556000
3733,1664949638.475076,250,256,0,256,184,0,0,10,256,8.657000,0.000000,12.115000
3734,1664949638.575077,251,256,0,256,192,0,0,5,256,8.326000,0.000000,11.958000
3735,1664949638.675076,250,256,0,256,184,0,0,6,256,8.258000,0.000000,11.485000
3736,1664949638.775077,254,256,0,256,187,0,0,4,256,7.988000,0.000000,11.560000
3737,1664949638.875077,253,256,0,256,189,0,0,5,256,8.046000,0.000000,11.513000
3738,1664949638.975076,250,256,0,256,173,0,0,6,256,8.254000,0.000000,11.703000
3739,1664949639.075077,251,256,0,256,175,0,0,5,256,8.242000,0.000000,11.805000
3740,1664949639.175081,252,256,0,256,205,0,0,6,256,8.513000,0.000000,11.797000
3741,1664949639.275087,248,256,0,256,216,0,0,10,256,8.317000,0.000000,11.361000
3742,1664949639.375092,252,256,0,256,213,0,0,4,256,8.011000,0.000000,11.496000
3743,1664949639.475097,247,256,0,256,216,0,0,11,256,8.322000,0.000000,11.674000
3744,1664949639.575103,255,256,0,256,214,0,0,1,256,7.977000,0.000000,11.226000
3745,1664949639.675107,255,256,0,256,213,0,0,3,256,8.477000,0.000000,11.635000
3746,1664949639.775111,244,256,0,256,207,0,0,12,256,8.221000,0.000000,11.587000
3747,1664949639.875115,251,256,0,256,208,0,0,7,256,8.325000,0.000000,11.511000
3748,1664949639.975119,248,256,0,256,210,0,0,9,256,8.153000,0.000000,11.591000
3749,1664949640.075123,223,256,0,256,199,0,0,35,256,8.536000,0.000000,12.404000
3750,1664949640.175127,219,256,0,256,199,0,0,38,256,8.311000,0.000000,11.941000
3751,1664949640.275131,251,256,0,256,193,0,0,6,256,7.954000,0.000000,11.533000
3752,1664949640.375134,225,256,0,256,193,0,0,33,256,8.097000,0.000000,11.860000
3753,1664949640.475137,249,256,0,256,187,0,0,8,256,8.543000,0.000000,12.056000
3754,1664949640.575140,250,256,0,256,195,0,0,7,256,8.469000,0.000000,12.077000
3755,1664949640.675143,250,256,0,256,183,0,0,9,256,8.370000,0.000000,11.846000
3756,1664949640.775145,244,256,0,256,190,0,0,14,256,8.289000,0.000000,11.938000
3757,1664949640.875148,246,256,0,256,192,0,0,12,256,8.045000,0.000000,11.793000
3758,1664949640.975150,248,256,0,256,189,0,0,10,256,8.344000,0.000000,12.132000
3759,1664949641.075153,242,256,0,256,183,0,0,14,256,8.502000,0.000000,12.429000
3760,1664949641.175153,235,256,0,256,166,0,0,21,256,8.344000,0.000000,12.035000
3761,1664949641.275153,240,256,0,256,154,0,0,17,256,8.387000,0.000000,12.084000
3762,1664949641.375153,240,256,0,256,147,0,0,19,256,8.209000,0.000000,12.071000
3763,1664949641.475153,236,256,0,256,154,0,0,20,256,8.320000,0.000000,12.134000
3764,1664949641.575153,245,256,0,256,141,0,0,12,256,7.995000,0.000000,11.815000
3765,1664949641.675153,243,256,0,256,143,0,0,14,256,8.297000,0.000000,11.822000
3766,1664949641.775153,245,256,0,256,142,0,0,13,256,8.281000,0.000000,12.312000
3767,1664949641.875153,241,256,0,256,136,0,0,16,256,8.553000,0.000000,12.478000
3768,1664949641.975153,247,256,0,256,135,0,0,9,256,8.560000,0.000000,12.386000
3769,1664949642.075153,243,256,0,256,136,0,0,15,256,8.149000,0.000000,12.098000
3770,1664949642.175153,249,256,0,256,117,0,0,9,256,8.549000,0.000000,12.436000
3771,1664949642.275153,240,256,0,256,117,0,0,21,256,8.363000,0.000000,12.303000
3772,1664949642.375153,240,256,0,256,128,0,0,18,256,8.465000,0.000000,12.550000
3773,1664949642.475153,251,256,0,256,126,0,0,6,256,8.324000,0.000000,12.209000
3774,1664949642.575153,242,256,0,256,118,0,0,15,256,8.278000,0.000000,12.172000
3775,1664949642.675153,247,256,0,256,118,0,0,11,256,8.350000,0.000000,12.333000
3776,1664949642.775161,241,256,0,256,137,0,0,18,256,8.578000,0.000000,12.406000
3777,1664949642.875169,243,256,0,256,131,0,0,17,256,8.303000,0.000000,12.102000
3778,1664949642.975174,232,256,0,256,129,0,0,26,256,8.449000,0.000000,12.424000
3779,1664949643.075180,232,256,0,256,139,0,0,24,256,8.334000,0.000000,12.390000
3780,1664949643.175184,231,256,0,256,134,0,0,28,256,8.331000,0.000000,12.281000
3781,1664949643.275187,236,256,0,256,102,0,0,21,256,8.071000,0.000000,11.877000
3782,1664949643.375190,226,256,0,256,99,0,0,31,256,8.061000,0.000000,11.927000
3783,1664949643.475193,243,256,0,256,96,0,0,15,256,8.455000,0.000000,12.516000
3784,1664949643.575196,240,256,0,256,93,0,0,18,256,8.115000,0.000000,11.808000
3785,1664949643.675198,247,256,0,256,89,0,0,11,256,8.532000,0.000000,12.851000
3786,1664949643.775201,243,256,0,256,92,0,0,13,256,8.258000,0.000000,12.648000
3787,1664949643.875203,254,256,0,256,87,0,0,4,256,8.377000,0.000000,12.530000
3788,1664949643.975205,251,256,0,256,85,0,0,7,256,8.470000,0.000000,12.483000
3789,1664949644.075207,234,256,0,256,79,0,0,22,256,8.464000,0.000000,12.539000
3790,1664949644.175209,255,256,0,256,77,0,0,3,256,8.348000,0.000000,12.243000
3791,1664949644.275211,253,256,0,256,79,0,0,5,256,8.302000,0.000000,12.574000
3792,1664949644.375214,245,256,0,256,85,0,0,12,256,8.391000,0.000000,12.370000
3793,1664949644.475216,230,256,0,256,74,0,0,27,256,8.363000,0.000000,12.514000
3794,1664949644.575218,247,256,0,256,91,0,0,12,256,8.344000,0.000000,12.388000
3795,1664949644.675220,253,256,0,256,86,0,0,6,256,8.382000,0.000000,12.446000
3796,1664949644.775221,251,256,0,256,83,0,0,5,256,8.265000,0.000000,12.129000
3797,1664949644.875221,252,256,0,256,74,0,0,4,256,7.990000,0.000000,11.832000
3798,1664949644.975221,242,256,0,256,91,0,0,14,256,8.366000,0.000000,12.560000
3799,1664949645.075221,248,256,0,256,91,0,0,9,256,8.331000,0.000000,12.360000
3800,1664949645.175221,251,256,0,256,86,0,0,5,256,8.467000,0.000000,12.374000
3801,1664949645.275221,248,256,0,256,79,0,0,8,256,8.462000,0.000000,12.520000
3802,1664949645.375221,242,256,0,256,87,0,0,16,256,8.334000,0.000000,13.716000
3803,1664949645.475221,244,256,0,256,85,0,0,13,256,8.543000,0.000000,12.539000
3804,1664949645.575221,240,256,0,256,85,0,0,17,256,8.552000,0.000000,13.022000
3805,1664949645.675221,238,256,0,256,79,0,0,20,256,8.306000,0.000000,12.430000
3806,1664949645.775221,238,256,0,256,85,0,0,19,256,8.573000,0.000000,12.664000
3807,1664949645.875221,239,256,0,256,73,0,0,19,256,8.034000,0.000000,11.998000
3808,1664949645.975221,243,256,0,256,80,0,0,14,256,8.515000,0.000000,12.577000
3809,1664949646.075221,235,256,0,256,89,0,0,23,256,8.018000,0.000000,11.934000
3810,1664949646.175221,231,256,0,256,82,0,0,29,256,8.462000,0.000000,12.445000
3811,1664949646.275221,245,256,0,256,92,0,0,11,256,8.554000,0.000000,12.695000
3812,1664949646.375221,238,256,0,256,93,0,0,19,256,8.539000,0.000000,12.571000
3813,1664949646.475221,232,256,0,256,86,0,0,28,256,8.335000,0.000000,12.370000
3814,1664949646.575221,241,256,0,256,95,0,0,17,256,8.288000,0.000000,12.707000
3815,1664949646.675221,224,256,0,256,91,0,0,34,256,8.308000,0.000000,12.677000
3816,1664949646.775221,223,256,0,256,92,0,0,33,256,7.998000,0.000000,12.065000
3817,1664949646.875221,224,256,0,256,102,0,0,32,256,8.198000,0.000000,12.684000
3818,1664949646.975221,231,256,0,256,108,0,0,26,256,8.567000,0.000000,12.697000
3819,1664949647.075221,241,256,0,256,109,0,0,16,256,8.288000,0.000000,13.213000
3820,1664949647.175221,235,256,0,256,112,0,0,22,256,8.165000,0.000000,12.078000
3821,1664949647.275221,233,256,0,256,117,0,0,23,256,8.334000,0.000000,12.470000
3822,1664949647.375221,236,256,0,256,116,0,0,22,256,7.980000,0.000000,11.886000
3823,1664949647.475225,236,256,0,256,110,0,0,21,256,8.652000,0.000000,13.044000
3824,1664949647.575238,233,256,0,256,119,0,0,23,256,7.708000,0.000000,11.954000
3825,1664949647.675246,237,256,0,256,116,0,0,19,256,8.184000,0.000000,12.590000
3826,1664949647.775254,237,256,0,256,108,0,0,23,256,8.033000,0.000000,12.037000
3827,1664949647.875260,239,256,0,256,108,0,0,19,256,8.076000,0.000000,11.926000
3828,1664949647.975264,229,256,0,256,106,0,0,32,256,8.455000,0.000000,12.156000
3829,1664949648.075267,224,256,0,256,106,0,0,32,256,8.040000,0.000000,11.874000
3830,1664949648.175268,229,256,0,256,110,0,0,28,256,8.549000,0.000000,12.656000
3831,1664949648.275269,233,256,0,256,98,0,0,24,256,8.429000,0.000000,12.343000
3832,1664949648.375270,236,256,0,256,114,0,0,20,256,7.926000,0.000000,11.769000
3833,1664949648.475271,231,256,0,256,106,0,0,26,256,7.719000,0.000000,11.647000
3834,1664949648.575272,230,256,0,256,119,0,0,28,256,8.443000,0.000000,12.284000
3835,1664949648.675272,229,256,0,256,122,0,0,27,256,8.198000,0.000000,12.020000
3836,1664949648.775272,227,256,0,256,126,0,0,32,256,8.461000,0.000000,12.244000
3837,1664949648.875273,219,256,0,256,133,0,0,39,256,8.566000,0.000000,12.449000
3838,1664949648.975273,214,256,0,256,129,0,0,45,256,8.012000,0.000000,12.006000
3839,1664949649.075274,226,256,0,256,141,0,0,31,256,8.462000,0.000000,12.086000
3840,1664949649.175275,233,256,0,256,130,0,0,24,256,8.335000,0.000000,12.161000
3841,1664949649.275276,230,256,0,256,136,0,0,27,256,8.215000,0.000000,12.363000
3842,1664949649.375276,232,256,0,256,145,0,0,24,256,8.035000,0.000000,11.629000
3843,1664949649.475276,236,256,0,256,150,0,0,23,256,8.541000,0.000000,12.386000
3844,1664949649.575276,242,256,0,256,150,0,0,15,256,8.224000,0.000000,11.934000
3845,1664949649.675276,241,256,0,256,162,0,0,15,256,8.513000,0.000000,12.210000
3846,1664949649.775276,238,256,0,256,160,0,0,19,256,7.781000,0.000000,11.458000
3847,1664949649.875276,238,256,0,256,160,0,0,19,256,7.974000,0.000000,11.516000
3848,1664949649.975276,244,256,0,256,161,0,0,13,256,7.807000,0.000000,11.601000
3849,1664949650.075276,247,256,0,256,160,0,0,12,256,7.804000,0.000000,11.634000
3850,1664949650.175276,249,256,0,256,166,0,0,8,256,8.585000,0.000000,12.319000
3851,1664949650.275276,253,256,0,256,154,0,0,7,256,8.092000,0.000000,11.798000
3852,1664949650.375276,245,256,0,256,171,0,0,14,256,8.456000,0.000000,12.367000
3853,1664949650.475276,247,256,0,256,164,0,0,11,256,8.390000,0.000000,12.301000
3854,1664949650.575276,253,256,0,256,169,0,0,4,256,8.341000,0.000000,11.814000
3855,1664949650.675276,249,256,0,256,168,0,0,7,256,8.124000,0.000000,11.710000
3856,1664949650.775276,247,256,0,256,174,0,0,11,256,8.236000,0.000000,12.120000
3857,1664949650.875276,253,256,0,256,179,0,0,5,256,8.285000,0.000000,12.130000
3858,1664949650.975276,253,256,0,256,181,0,0,4,256,8.007000,0.000000,11.972000
3859,1664949651.075276,255,256,0,256,185,0,0,3,256,8.267000,0.000000,11.876000
3860,1664949651.175276,253,256,0,256,172,0,0,5,256,8.537000,0.000000,12.100000
3861,1664949651.275276,254,256,0,256,175,0,0,4,256,8.347000,0.000000,12.080000
3862,1664949651.375276,255,256,0,256,180,0,0,2,256,8.506000,0.000000,12.376000
3863,1664949651.475276,254,256,0,256,182,0,0,2,256,8.339000,0.000000,11.616000
3864,1664949651.575276,251,256,0,256,184,0,0,5,256,8.371000,0.000000,11.643000
3865,1664949651.675276,245,256,0,256,191,0,0,12,256,8.545000,0.000000,12.609000
3866,1664949651.775276,245,256,0,256,186,0,0,12,256,8.248000,0.000000,11.854000
3867,1664949651.875276,246,256,0,256,179,0,0,14,256,7.981000,0.000000,11.216000
3868,1664949651.975276,247,256,0,256,181,0,0,9,256,8.267000,0.000000,11.802000
3869,1664949652.075276,249,256,0,256,179,0,0,9,256,8.230000,0.000000,11.889000
3870,1664949652.175276,245,256,0,256,177,0,0,11,256,8.549000,0.000000,12.230000
3871,1664949652.275276,244,256,0,256,179,0,0,13,256,8.315000,0.000000,12.116000
3872,1664949652.375276,254,256,0,256,176,0,0,4,256,8.002000,0.000000,11.888000
3873,1664949652.475276,246,256,0,256,182,0,0,11,256,8.350000,0.000000,11.961000
3874,1664949652.575276,245,256,0,256,191,0,0,11,256,8.061000,0.000000,11.323000
3875,1664949652.675276,245,256,0,256,188,0,0,12,256,8.481000,0.000000,12.015000
3876,1664949652.775276,247,256,0,256,189,0,0,11,256,8.176000,0.000000,11.540000
3877,1664949652.875276,245,256,0,256,187,0,0,12,256,8.358000,0.000000,11.942000
3878,1664949652.975276,239,256,0,256,191,0,0,18,256,8.273000,0.000000,11.916000
3879,1664949653.075276,252,256,0,256,196,0,0,5,256,7.845000,0.000000,11.327000
3880,1664949653.175276,248,256,0,256,195,0,0,9,256,8.364000,0.000000,11.887000
3881,1664949653.275276,247,256,0,256,197,0,0,10,256,8.454000,0.000000,11.942000
3882,1664949653.375276,253,256,0,256,201,0,0,3,256,8.222000,0.000000,12.195000
3883,1664949653.475276,256,256,0,256,197,0,0,0,256,8.349000,0.000000,11.791000
3884,1664949653.575276,256,256,0,256,202,0,0,0,256,8.045000,0.000000,11.606000
3885,1664949653.675276,253,256,0,256,200,0,0,4,256,8.025000,0.000000,11.736000
3886,1664949653.775276,252,256,0,256,205,0,0,6,256,8.444000,0.000000,11.909000
3887,1664949653.875276,251,256,0,256,210,0,0,6,256,8.459000,0.000000,12.014000
3888,1664949653.975276,249,256,0,256,208,0,0,7,256,8.054000,0.000000,11.414000
3889,1664949654.075276,253,256,0,256,210,0,0,3,256,7.942000,0.000000,11.447000
3890,1664949654.175276,246,256,0,256,211,0,0,10,256,8.458000,0.000000,12.085000
3891,1664949654.275276,252,256,0,256,223,0,0,5,256,8.021000,0.000000,11.560000
3892,1664949654.375276,254,256,0,256,204,0,0,3,256,8.123000,0.000000,11.508000
3893,1664949654.475276,251,256,0,256,210,0,0,5,256,8.338000,0.000000,11.732000
3894,1664949654.575276,254,256,0,256,206,0,0,4,256,8.207000,0.000000,11.802000
3895,1664949654.675276,256,256,0,256,208,0,0,1,256,8.475000,0.000000,12.280000
3896,1664949654.775269,253,256,0,256,213,0,0,3,256,7.990000,0.000000,11.468000
3897,1664949654.875257,253,256,0,256,216,0,0,4,256,7.734000,0.000000,11.197000
3898,1664949654.975250,255,256,0,256,219,0,0,2,256,8.330000,0.000000,12.156000
3899,1664949655.075243,255,256,0,256,218,0,0,1,256,8.008000,0.000000,11.790000
3900,1664949655.175238,252,256,0,256,213,0,0,5,256,7.686000,0.000000,11.165000
3901,1664949655.275234,251,256,0,256,208,0,0,5,256,8.558000,0.000000,12.028000
3902,1664949655.375230,251,256,0,256,215,0,0,5,256,8.046000,0.000000,11.674000
3903,1664949655.475227,254,256,0,256,209,0,0,2,256,7.948000,0.000000,11.658000
3904,1664949655.575225,253,256,0,256,211,0,0,5,256,8.584000,0.000000,12.205000
3905,1664949655.675223,253,256,0,256,212,0,0,4,256,8.312000,0.000000,11.881000
3906,1664949655.775221,256,256,0,256,213,0,0,0,256,8.424000,0.000000,11.762000
3907,1664949655.875220,256,256,0,256,206,0,0,0,256,8.512000,0.000000,11.966000
3908,1664949655.975219,255,256,0,256,209,0,0,1,256,8.234000,0.000000,11.780000
3909,1664949656.075218,256,256,0,256,209,0,0,0,256,8.023000,0.000000,11.625000
3910,1664949656.175217,254,256,0,256,208,0,0,5,256,7.977000,0.000000,11.321000
3911,1664949656.275217,249,256,0,256,212,0,0,10,256,7.706000,0.000000,11.413000
3912,1664949656.375216,253,256,0,256,208,0,0,4,256,8.256000,0.000000,11.776000
3913,1664949656.475215,255,256,0,256,199,0,0,2,256,8.233000,0.000000,12.097000
3914,1664949656.575215,255,256,0,256,196,0,0,2,256,8.263000,0.000000,11.927000
3915,1664949656.675215,253,256,0,256,198,0,0,4,256,8.322000,0.000000,11.896000
3916,1664949656.775215,248,256,0,256,199,0,0,9,256,8.465000,0.000000,12.163000
3917,1664949656.875215,255,256,0,256,192,0,0,2,256,8.319000,0.000000,11.941000
3918,1664949656.975215,256,256,0,256,191,0,0,1,256,8.016000,0.000000,11.653000
3919,1664949657.075215,256,256,0,256,190,0,0,1,256,8.303000,0.000000,11.985000
3920,1664949657.175215,253,256,0,256,186,0,0,3,256,8.422000,0.000000,11.900000
3921,1664949657.275215,248,256,0,256,186,0,0,9,256,8.048000,0.000000,11.565000
3922,1664949657.375215,216,256,0,256,194,0,0,41,256,8.252000,0.000000,11.957000
3923,1664949657.475215,240,256,0,256,193,0,0,19,256,8.447000,0.000000,12.101000
3924,1664949657.575215,250,256,0,256,191,0,0,9,256,8.348000,0.000000,12.087000
3925,1664949657.675215,250,256,0,256,201,0,0,7,256,8.577000,0.000000,12.333000
3926,1664949657.775215,255,256,0,256,202,0,0,2,256,8.048000,0.000000,11.776000
3927,1664949657.875215,253,256,0,256,200,0,0,4,256,8.061000,0.000000,11.664000
3928,1664949657.975215,251,256,0,256,194,0,0,5,256,8.548000,0.000000,12.211000
3929,1664949658.075215,253,256,0,256,200,0,0,3,256,8.419000,0.000000,12.082000
3930,1664949658.175215,253,256,0,256,193,0,0,3,256,8.004000,0.000000,11.553000
3931,1664949658.275215,255,256,0,256,199,0,0,1,256,8.223000,0.000000,11.861000
3932,1664949658.375215,253,256,0,256,203,0,0,3,256,8.170000,0.000000,11.722000
3933,1664949658.475215,252,256,0,256,197,0,0,4,256,8.270000,0.000000,11.954000
3934,1664949658.575215,254,256,0,256,201,0,0,3,256,8.500000,0.000000,11.858000
3935,1664949658.675215,252,256,0,256,201,0,0,5,256,8.473000,0.000000,11.887000
3936,1664949658.775215,252,256,0,256,198,0,0,5,256,8.030000,0.000000,11.521000
3937,1664949658.875215,256,256,0,256,200,0,0,0,256,8.309000,0.000000,12.511000
3938,1664949658.975215,254,256,0,256,195,0,0,4,256,8.320000,0.000000,13.023000
3939,1664949659.075215,252,256,0,256,195,0,0,4,256,7.740000,0.000000,12.122000
3940,1664949659.175215,249,256,0,256,195,0,0,8,256,7.701000,0.000000,11.239000
3941,1664949659.275215,251,256,0,256,193,0,0,6,256,8.245000,0.000000,11.776000
3942,1664949659.375215,256,256,0,256,188,0,0,0,256,8.012000,0.000000,11.526000
3943,1664949659.475215,256,256,0,256,185,0,0,2,256,7.686000,0.000000,11.238000
3944,1664949659.575215,256,256,0,256,192,0,0,1,256,8.333000,0.000000,12.026000
3945,1664949659.675215,254,256,0,256,190,0,0,2,256,8.173000,0.000000,11.742000
3946,1664949659.775215,255,256,0,256,186,0,0,2,256,8.165000,0.000000,11.713000
3947,1664949659.875215,251,256,0,256,192,0,0,7,256,8.201000,0.000000,11.747000
3948,1664949659.975215,248,256,0,256,192,0,0,8,256,8.347000,0.000000,11.799000
3949,1664949660.075215,254,256,0,256,188,0,0,4,256,8.233000,0.000000,11.645000
3950,1664949660.175215,248,256,0,256,185,0,0,10,256,8.402000,0.000000,11.947000
3951,1664949660.275215,251,256,0,256,189,0,0,5,256,8.488000,0.000000,12.095000
3952,1664949660.375215,252,256,0,256,188,0,0,5,256,7.700000,0.000000,11.285000
3953,1664949660.475215,249,256,0,256,182,0,0,8,256,8.552000,0.000000,11.988000
3954,1664949660.575215,253,256,0,256,184,0,0,3,256,8.447000,0.000000,12.040000
3955,1664949660.675215,252,256,0,256,183,0,0,6,256,8.438000,0.000000,11.950000
3956,1664949660.775215,250,256,0,256,176,0,0,6,256,7.711000,0.000000,11.329000
3957,1664949660.875215,246,256,0,256,173,0,0,10,256,8.226000,0.000000,11.924000
3958,1664949660.975215,250,256,0,256,163,0,0,7,256,8.009000,0.000000,11.613000
3959,1664949661.075215,251,256,0,256,166,0,0,5,256,8.458000,0.000000,12.103000
3960,1664949661.175215,250,256,0,256,162,0,0,7,256,8.520000,0.000000,12.115000
3961,1664949661.275215,242,256,0,256,173,0,0,15,256,8.536000,0.000000,12.060000
3962,1664949661.375215,245,256,0,256,179,0,0,14,256,8.383000,0.000000,12.048000
3963,1664949661.475215,250,256,0,256,184,0,0,6,256,8.256000,0.000000,11.804000
3964,1664949661.575215,251,256,0,256,173,0,0,6,256,7.713000,0.000000,11.395000
3965,1664949661.675215,245,256,0,256,181,0,0,11,256,8.019000,0.000000,11.636000
3966,1664949661.775215,242,256,0,256,189,0,0,17,256,7.708000,0.000000,11.264000
3967,1664949661.875215,246,256,0,256,171,0,0,11,256,8.301000,0.000000,11.754000
3968,1664949661.975215,245,256,0,256,172,0,0,11,256,8.461000,0.000000,12.142000
3969,1664949662.075215,244,256,0,256,170,0,0,13,256,8.323000,0.000000,12.099000
3970,1664949662.175215,247,256,0,256,169,0,0,11,256,8.188000,0.000000,11.943000
3971,1664949662.275215,249,256,0,256,173,0,0,9,256,7.735000,0.000000,11.461000
3972,1664949662.375215,249,256,0,256,178,0,0,7,256,8.434000,0.000000,11.950000
3973,1664949662.475215,247,256,0,256,184,0,0,10,256,8.016000,0.000000,11.518000
3974,1664949662.575215,245,256,0,256,178,0,0,11,256,7.695000,0.000000,11.341000
3975,1664949662.675215,241,256,0,256,177,0,0,19,256,8.014000,0.000000,11.634000
3976,1664949662.775215,238,256,0,256,180,0,0,21,256,8.012000,0.000000,11.178000
3977,1664949662.875215,251,256,0,256,192,0,0,7,256,7.996000,0.000000,11.600000
3978,1664949662.975215,250,256,0,256,186,0,0,7,256,8.061000,0.000000,11.510000
3979,1664949663.075215,251,256,0,256,184,0,0,6,256,7.765000,0.000000,11.326000
3980,1664949663.175215,251,256,0,256,185,0,0,5,256,8.344000,0.000000,12.060000
3981,1664949663.275215,251,256,0,256,184,0,0,5,256,7.704000,0.000000,11.301000
3982,1664949663.375215,252,256,0,256,185,0,0,5,256,8.163000,0.000000,11.740000
3983,1664949663.475215,247,256,0,256,194,0,0,9,256,8.019000,0.000000,11.489000
3984,1664949663.575215,250,256,0,256,194,0,0,8,256,8.053000,0.000000,11.724000
3985,1664949663.675215,248,256,0,256,188,0,0,8,256,8.181000,0.000000,11.847000
3986,1664949663.775215,250,256,0,256,191,0,0,7,256,8.009000,0.000000,11.210000
3987,1664949663.875215,246,256,0,256,181,0,0,11,256,8.262000,0.000000,11.820000
3988,1664949663.975215,247,256,0,256,188,0,0,11,256,7.683000,0.000000,11.537000
3989,1664949664.075215,251,256,0,256,185,0,0,6,256,8.251000,0.000000,11.975000
3990,1664949664.175215,253,256,0,256,189,0,0,3,256,8.501000,0.000000,12.135000
3991,1664949664.275215,253,256,0,256,191,0,0,3,256,8.312000,0.000000,11.874000
3992,1664949664.375215,254,256,0,256,192,0,0,4,256,8.476000,0.000000,11.969000
3993,1664949664.475215,250,256,0,256,197,0,0,7,256,8.484000,0.000000,12.117000
3994,1664949664.575215,245,256,0,256,199,0,0,11,256,7.879000,0.000000,11.830000
3995,1664949664.675215,255,256,0,256,188,0,0,1,256,8.499000,0.000000,12.152000
3996,1664949664.775215,252,256,0,256,186,0,0,5,256,8.386000,0.000000,12.594000
3997,1664949664.875215,251,256,0,256,191,0,0,5,256,8.336000,0.000000,12.570000
3998,1664949664.975215,253,256,0,256,192,0,0,3,256,8.003000,0.000000,11.439000
3999,1664949665.075215,249,256,0,256,179,0,0,8,256,7.754000,0.000000,11.319000
4000,1664949665.175215,247,256,0,256,182,0,0,11,256,8.328000,0.000000,11.974000
4001,1664949665.275215,248,256,0,256,180,0,0,9,256,8.216000,0.000000,11.660000
4002,1664949665.375215,246,256,0,256,186,0,0,14,256,8.509000,0.000000,11.996000
4003,1664949665.475215,250,256,0,256,187,0,0,7,256,8.251000,0.000000,11.797000
4004,1664949665.575215,252,256,0,256,193,0,0,4,256,8.545000,0.000000,11.993000
4005,1664949665.675215,252,256,0,256,205,0,0,4,256,7.710000,0.000000,11.460000
4006,1664949665.775215,249,256,0,256,192,0,0,7,256,8.541000,0.000000,12.054000
4007,1664949665.875215,255,256,0,256,194,0,0,1,256,8.016000,0.000000,12.219000
4008,1664949665.975215,255,256,0,256,190,0,0,3,256,8.296000,0.000000,12.247000
4009,1664949666.075215,255,256,0,256,193,0,0,2,256,7.702000,0.000000,10.899000
4010,1664949666.175215,253,256,0,256,194,0,0,4,256,8.284000,0.000000,11.920000
4011,1664949666.275215,254,256,0,256,189,0,0,2,256,8.269000,0.000000,11.965000
4012,1664949666.375215,253,256,0,256,189,0,0,4,256,8.468000,0.000000,11.940000
4013,1664949666.475215,254,256,0,256,186,0,0,2,256,7.783000,0.000000,11.324000
4014,1664949666.575215,253,256,0,256,184,0,0,3,256,7.700000,0.000000,11.311000
4015,1664949666.675215,251,256,0,256,182,0,0,5,256,8.034000,0.000000,11.599000
4016,1664949666.775215,255,256,0,256,186,0,0,2,256,8.209000,0.000000,11.998000
4017,1664949666.875215,252,256,0,256,184,0,0,5,256,8.746000,0.000000,12.809000
4018,1664949666.975215,249,256,0,256,180,0,0,7,256,9.029000,0.000000,13.749000
4019,1664949667.075215,251,256,0,256,176,0,0,5,256,8.365000,0.000000,12.723000
4020,1664949667.175215,250,256,0,256,180,0,0,7,256,7.891000,0.000000,11.419000
4021,1664949667.275215,247,256,0,256,188,0,0,10,256,8.007000,0.000000,11.593000
4022,1664949667.375215,251,256,0,256,190,0,0,5,256,8.349000,0.000000,12.057000
4023,1664949667.475215,250,256,0,256,191,0,0,6,256,8.258000,0.000000,11.889000
4024,1664949667.575215,246,256,0,256,176,0,0,12,256,8.374000,0.000000,11.991000
4025,1664949667.675215,241,256,0,256,181,0,0,15,256,8.331000,0.000000,11.928000
4026,1664949667.775215,243,256,0,256,182,0,0,13,256,8.566000,0.000000,12.221000
4027,1664949667.875215,251,256,0,256,183,0,0,7,256,7.742000,0.000000,11.379000
4028,1664949667.975215,245,256,0,256,184,0,0,14,256,7.882000,0.000000,11.542000
4029,1664949668.075215,245,256,0,256,183,0,0,12,256,8.155000,0.000000,11.937000
4030,1664949668.175215,249,256,0,256,182,0,0,8,256,8.090000,0.000000,11.845000
4031,1664949668.275215,245,256,0,256,187,0,0,11,256,8.546000,0.000000,12.072000
4032,1664949668.375215,253,256,0,256,186,0,0,4,256,7.830000,0.000000,11.406000
4033,1664949668.475215,246,256,0,256,187,0,0,10,256,8.284000,0.000000,11.871000
4034,1664949668.575215,247,256,0,256,195,0,0,10,256,8.331000,0.000000,11.862000
4035,1664949668.675215,251,256,0,256,198,0,0,5,256,8.491000,0.000000,12.321000
4036,1664949668.775215,255,256,0,256,195,0,0,1,256,8.232000,0.000000,11.943000
4037,1664949668.875215,245,256,0,256,203,0,0,12,256,8.016000,0.000000,11.716000
4038,1664949668.975215,252,256,0,256,196,0,0,6,256,8.459000,0.000000,11.892000
4039,1664949669.075215,252,256,0,256,210,0,0,4,256,8.325000,0.000000,11.934000
4040,1664949669.175215,254,256,0,256,201,0,0,6,256,8.199000,0.000000,11.824000
4041,1664949669.275215,254,256,0,256,195,0,0,4,256,8.169000,0.000000,11.793000
4042,1664949669.375215,256,256,0,256,191,0,0,1,256,8.362000,0.000000,12.001000
4043,1664949669.475215,253,256,0,256,196,0,0,4,256,8.314000,0.000000,12.091000
4044,1664949669.575215,253,256,0,256,191,0,0,3,256,8.013000,0.000000,11.440000
4045,1664949669.675215,251,256,0,256,191,0,0,7,256,8.052000,0.000000,11.670000
4046,1664949669.775215,254,256,0,256,191,0,0,4,256,8.068000,0.000000,11.835000
4047,1664949669.875215,254,256,0,256,188,0,0,5,256,8.378000,0.000000,11.859000
4048,1664949669.975215,252,256,0,256,191,0,0,6,256,7.718000,0.000000,11.137000
4049,1664949670.075215,254,256,0,256,191,0,0,5,256,8.402000,0.000000,11.985000
4050,1664949670.175215,250,256,0,256,183,0,0,7,256,7.694000,0.000000,11.450000
4051,1664949670.275215,248,256,0,256,188,0,0,10,256,8.250000,0.000000,11.703000
4052,1664949670.375215,250,256,0,256,186,0,0,6,256,8.254000,0.000000,11.585000
4053,1664949670.475215,241,256,0,256,185,0,0,15,256,8.489000,0.000000,12.033000
4054,1664949670.575215,250,256,0,256,196,0,0,7,256,8.187000,0.000000,11.791000
4055,1664949670.675215,246,256,0,256,197,0,0,10,256,8.028000,0.000000,11.772000
4056,1664949670.775215,247,256,0,256,192,0,0,11,256,8.380000,0.000000,12.140000
4057,1664949670.875215,242,256,0,256,199,0,0,14,256,8.247000,0.000000,11.700000
4058,1664949670.975215,247,256,0,256,196,0,0,9,256,7.693000,0.000000,11.151000
4059,1664949671.075215,252,256,0,256,201,0,0,5,256,8.027000,0.000000,11.694000
4060,1664949671.175215,254,256,0,256,193,0,0,2,256,8.230000,0.000000,11.951000
4061,1664949671.275215,241,256,0,256,191,0,0,16,256,8.377000,0.000000,11.953000
4062,1664949671.375215,240,256,0,256,199,0,0,16,256,8.249000,0.000000,11.854000
4063,1664949671.475215,249,256,0,256,203,0,0,9,256,8.145000,0.000000,12.204000
4064,1664949671.575215,250,256,0,256,201,0,0,6,256,8.239000,0.000000,11.765000
4065,1664949671.675215,250,256,0,256,204,0,0,7,256,8.346000,0.000000,11.713000
4066,1664949671.775215,245,256,0,256,208,0,0,11,256,7.694000,0.000000,11.281000
4067,1664949671.875215,251,256,0,256,208,0,0,6,256,8.159000,0.000000,11.692000
4068,1664949671.975215,251,256,0,256,213,0,0,5,256,8.009000,0.000000,11.688000
4069,1664949672.075215,254,256,0,256,208,0,0,2,256,8.281000,0.000000,11.823000
4070,1664949672.175215,251,256,0,256,215,0,0,7,256,7.693000,0.000000,11.622000
4071,1664949672.275215,250,256,0,256,210,0,0,6,256,8.237000,0.000000,11.912000
4072,1664949672.375215,254,256,0,256,215,0,0,3,256,8.169000,0.000000,11.804000
4073,1664949672.475215,250,256,0,256,213,0,0,8,256,7.996000,0.000000,11.496000
4074,1664949672.575215,250,256,0,256,206,0,0,6,256,7.710000,0.000000,11.166000
4075,1664949672.675215,249,256,0,256,211,0,0,8,256,7.991000,0.000000,11.559000
4076,1664949672.775215,252,256,0,256,210,0,0,7,256,7.987000,0.000000,11.525000
4077,1664949672.875215,249,256,0,256,207,0,0,10,256,8.014000,0.000000,11.523000
4078,1664949672.975215,249,256,0,256,200,0,0,9,256,7.678000,0.000000,11.213000
4079,1664949673.075215,250,256,0,256,199,0,0,7,256,8.258000,0.000000,11.852000
4080,1664949673.175215,245,256,0,256,180,0,0,12,256,8.011000,0.000000,11.658000
4081,1664949673.275215,245,256,0,256,186,0,0,11,256,8.176000,0.000000,11.906000
4082,1664949673.375215,245,256,0,256,188,0,0,12,256,8.320000,0.000000,11.933000
4083,1664949673.475215,240,256,0,256,191,0,0,19,256,8.248000,0.000000,11.903000
4084,1664949673.575215,246,256,0,256,186,0,0,10,256,8.016000,0.000000,11.552000
4085,1664949673.675215,243,256,0,256,176,0,0,17,256,7.923000,0.000000,11.671000
4086,1664949673.775215,242,256,0,256,178,0,0,15,256,7.684000,0.000000,11.520000
4087,1664949673.875215,234,256,0,256,176,0,0,23,256,7.690000,0.000000,11.379000
4088,1664949673.975215,242,256,0,256,176,0,0,15,256,7.697000,0.000000,11.500000
4089,1664949674.075215,239,256,0,256,177,0,0,18,256,8.323000,0.000000,12.220000
4090,1664949674.175215,233,256,0,256,176,0,0,24,256,8.243000,0.000000,11.877000
4091,1664949674.275215,240,256,0,256,181,0,0,19,256,8.308000,0.000000,11.979000
4092,1664949674.375215,240,256,0,256,176,0,0,17,256,7.876000,0.000000,11.689000
4093,1664949674.475215,236,256,0,256,191,0,0,20,256,8.028000,0.000000,11.541000
4094,1664949674.575215,232,256,0,256,193,0,0,24,256,7.896000,0.000000,11.722000
4095,1664949674.675215,248,256,0,256,205,0,0,9,256,8.261000,0.000000,11.981000
4096,1664949674.775215,245,256,0,256,200,0,0,12,256,8.380000,0.000000,12.125000
4097,1664949674.875215,244,256,0,256,209,0,0,12,256,8.249000,0.000000,11.811000
4098,1664949674.975215,250,256,0,256,203,0,0,6,256,8.219000,0.000000,11.715000
4099,1664949675.075215,250,256,0,256,209,0,0,7,256,8.244000,0.000000,12.007000
4100,1664949675.175215,246,256,0,256,195,0,0,10,256,8.010000,0.000000,11.764000
4101,1664949675.275215,247,256,0,256,207,0,0,10,256,7.687000,0.000000,11.295000
4102,1664949675.375215,247,256,0,256,204,0,0,10,256,8.174000,0.000000,11.908000
4103,1664949675.475215,246,256,0,256,204,0,0,10,256,7.962000,0.000000,11.550000
4104,1664949675.575215,243,256,0,256,205,0,0,13,256,8.261000,0.000000,11.812000
4105,1664949675.675215,246,256,0,256,207,0,0,11,256,7.723000,0.000000,11.341000
4106,1664949675.775215,245,256,0,256,208,0,0,12,256,7.996000,0.000000,11.476000
4107,1664949675.875215,247,256,0,256,207,0,0,11,256,8.116000,0.000000,11.708000
4108,1664949675.975215,255,256,0,256,203,0,0,2,256,8.239000,0.000000,11.901000
4109,1664949676.075215,252,256,0,256,209,0,0,4,256,8.246000,0.000000,11.616000
4110,1664949676.175215,249,256,0,256,208,0,0,9,256,8.409000,0.000000,11.876000
4111,1664949676.275215,249,256,0,256,201,0,0,7,256,8.237000,0.000000,11.834000
4112,1664949676.375215,246,256,0,256,210,0,0,12,256,9.056000,0.000000,13.560000
4113,1664949676.475215,247,256,0,256,212,0,0,9,256,9.212000,0.000000,13.757000
4114,1664949676.575215,245,256,0,256,211,0,0,11,256,9.266000,0.000000,14.218000
4115,1664949676.675215,252,256,0,256,204,0,0,5,256,8.078000,0.000000,12.292000
4116,1664949676.775215,252,256,0,256,208,0,0,5,256,8.017000,0.000000,11.621000
4117,1664949676.875215,251,256,0,256,203,0,0,5,256,8.342000,0.000000,13.260000
4118,1664949676.975215,249,256,0,256,211,0,0,7,256,8.325000,0.000000,11.937000
4119,1664949677.075215,245,256,0,256,210,0,0,12,256,8.276000,0.000000,12.058000
4120,1664949677.175215,250,256,0,256,214,0,0,9,256,8.269000,0.000000,12.040000
4121,1664949677.275215,252,256,0,256,208,0,0,4,256,10.000000,0.000000,14.117000
4122,1664949677.375215,246,256,0,256,212,0,0,12,256,8.430000,0.000000,12.626000
4123,1664949677.475215,251,256,0,256,213,0,0,7,256,8.241000,0.000000,11.786000
4124,1664949677.575215,250,256,0,256,212,0,0,7,256,8.154000,0.000000,11.741000
4125,1664949677.675215,246,256,0,256,212,0,0,11,256,7.996000,0.000000,11.488000
4126,1664949677.775215,248,256,0,256,215,0,0,9,256,8.165000,0.000000,11.651000
4127,1664949677.875215,250,256,0,256,220,0,0,7,256,7.867000,0.000000,11.448000
4128,1664949677.975215,252,256,0,256,215,0,0,7,256,8.369000,0.000000,12.284000
4129,1664949678.075215,247,256,0,256,215,0,0,11,256,7.875000,0.000000,11.722000
4130,1664949678.175215,253,256,0,256,205,0,0,5,256,8.012000,0.000000,11.424000
4131,1664949678.275215,246,256,0,256,209,0,0,13,256,7.899000,0.000000,11.537000
4132,1664949678.375215,251,256,0,256,207,0,0,6,256,8.251000,0.000000,11.763000
4133,1664949678.475215,237,256,0,256,222,0,0,19,256,8.231000,0.000000,12.018000
4134,1664949678.575215,249,256,0,256,218,0,0,7,256,8.319000,0.000000,11.924000
4135,1664949678.675215,248,256,0,256,215,0,0,9,256,7.869000,0.000000,11.655000
4136,1664949678.775215,251,256,0,256,213,0,0,7,256,7.729000,0.000000,11.491000
4137,1664949678.875215,244,256,0,256,212,0,0,14,256,8.244000,0.000000,11.985000
4138,1664949678.975215,251,256,0,256,217,0,0,9,256,8.308000,0.000000,11.778000
4139,1664949679.075215,249,256,0,256,210,0,0,7,256,7.903000,0.000000,11.447000
4140,1664949679.175215,248,256,0,256,210,0,0,9,256,7.900000,0.000000,11.549000
4141,1664949679.275215,252,256,0,256,211,0,0,6,256,8.313000,0.000000,12.229000
4142,1664949679.375215,247,256,0,256,217,0,0,10,256,7.899000,0.000000,11.804000
4143,1664949679.475215,255,256,0,256,208,0,0,3,256,8.294000,0.000000,12.106000
4144,1664949679.575215,249,256,0,256,207,0,0,7,256,8.005000,0.000000,11.880000
4145,1664949679.675215,248,256,0,256,208,0,0,8,256,8.247000,0.000000,11.782000
4146,1664949679.775215,249,256,0,256,208,0,0,7,256,8.328000,0.000000,11.899000
4147,1664949679.875215,254,256,0,256,208,0,0,2,256,8.611000,0.000000,13.574000
4148,1664949679.975215,248,256,0,256,212,0,0,9,256,8.308000,0.000000,14.639000
4149,1664949680.075215,251,256,0,256,212,0,0,6,256,8.244000,0.000000,13.166000
4150,1664949680.175215,254,256,0,256,207,0,0,3,256,8.137000,0.000000,13.473000
4151,1664949680.275215,252,256,0,256,207,0,0,4,256,8.734000,0.000000,15.080000
4152,1664949680.375215,252,256,0,256,198,0,0,4,256,8.150000,0.000000,13.167000
4153,1664949680.475215,248,256,0,256,199,0,0,10,256,8.714000,0.000000,14.005000
4154,1664949680.575215,250,256,0,256,197,0,0,9,256,8.446000,0.000000,14.149000
4155,1664949680.675215,249,256,0,256,193,0,0,7,256,8.157000,0.000000,13.179000
4156,1664949680.775215,245,256,0,256,184,0,0,12,256,8.628000,0.000000,13.953000
4157,1664949680.875215,245,256,0,256,192,0,0,11,256,8.620000,0.000000,12.467000
4158,1664949680.975215,251,256,0,256,197,0,0,6,256,8.072000,0.000000,12.059000
4159,1664949681.075215,250,256,0,256,195,0,0,6,256,8.245000,0.000000,12.192000
4160,1664949681.175215,252,256,0,256,191,0,0,7,256,8.336000,0.000000,11.928000
4161,1664949681.275215,247,256,0,256,200,0,0,12,256,8.249000,0.000000,12.214000
4162,1664949681.375215,249,256,0,256,202,0,0,8,256,8.016000,0.000000,11.747000
4163,1664949681.475215,249,256,0,256,195,0,0,10,256,7.891000,0.000000,11.459000
4164,1664949681.575215,248,256,0,256,206,0,0,11,256,8.020000,0.000000,11.571000
4165,1664949681.675215,250,256,0,256,199,0,0,7,256,8.236000,0.000000,11.847000
4166,1664949681.775215,250,256,0,256,195,0,0,6,256,8.066000,0.000000,12.496000
4167,1664949681.875215,250,256,0,256,198,0,0,6,256,7.968000,0.000000,11.855000
4168,1664949681.975215,253,256,0,256,196,0,0,4,256,8.190000,0.000000,11.923000
4169,1664949682.075215,252,256,0,256,188,0,0,5,256,8.175000,0.000000,11.827000
4170,1664949682.175215,250,256,0,256,188,0,0,7,256,8.182000,0.000000,11.723000
4171,1664949682.275215,241,256,0,256,201,0,0,15,256,7.881000,0.000000,11.384000
4172,1664949682.375215,245,256,0,256,189,0,0,12,256,8.235000,0.000000,11.974000
4173,1664949682.475215,243,256,0,256,191,0,0,15,256,8.244000,0.000000,11.868000
4174,1664949682.575215,246,256,0,256,198,0,0,12,256,7.691000,0.000000,11.542000
4175,1664949682.675215,248,256,0,256,192,0,0,10,256,8.025000,0.000000,11.713000
4176,1664949682.775215,244,256,0,256,190,0,0,13,256,8.250000,0.000000,11.863000
4177,1664949682.875215,241,256,0,256,193,0,0,15,256,8.310000,0.000000,11.768000
4178,1664949682.975215,245,256,0,256,188,0,0,11,256,8.224000,0.000000,11.822000
4179,1664949683.075215,243,256,0,256,185,0,0,15,256,8.292000,0.000000,11.952000
4180,1664949683.175215,236,256,0,256,183,0,0,20,256,7.690000,0.000000,11.341000
4181,1664949683.275215,244,256,0,256,182,0,0,15,256,8.171000,0.000000,11.971000
4182,1664949683.375215,239,256,0,256,187,0,0,20,256,8.271000,0.000000,11.945000
4183,1664949683.475215,240,256,0,256,187,0,0,16,256,7.916000,0.000000,11.826000
4184,1664949683.575215,241,256,0,256,180,0,0,16,256,8.232000,0.000000,12.031000
4185,1664949683.675215,246,256,0,256,181,0,0,11,256,7.686000,0.000000,11.681000
4186,1664949683.775215,244,256,0,256,190,0,0,14,256,8.192000,0.000000,12.345000
4187,1664949683.875215,250,256,0,256,186,0,0,8,256,8.558000,0.000000,12.383000
4188,1664949683.975215,241,256,0,256,182,0,0,19,256,7.675000,0.000000,11.173000
4189,1664949684.075215,238,256,0,256,182,0,0,19,256,7.681000,0.000000,11.130000
4190,1664949684.175215,247,256,0,256,175,0,0,9,256,7.946000,0.000000,11.749000
4191,1664949684.275215,246,256,0,256,179,0,0,10,256,8.252000,0.000000,11.675000
4192,1664949684.375215,241,256,0,256,178,0,0,15,256,7.871000,0.000000,11.378000
4193,1664949684.475215,246,256,0,256,183,0,0,11,256,8.248000,0.000000,11.933000
4194,1664949684.575215,242,256,0,256,186,0,0,16,256,7.687000,0.000000,11.212000
4195,1664949684.675215,241,256,0,256,187,0,0,17,256,7.909000,0.000000,11.624000
4196,1664949684.775215,241,256,0,256,193,0,0,16,256,7.683000,0.000000,11.187000
4197,1664949684.875215,244,256,0,256,186,0,0,13,256,8.139000,0.000000,11.734000
4198,1664949684.975215,245,256,0,256,180,0,0,14,256,8.340000,0.000000,11.935000
4199,1664949685.075215,247,256,0,256,189,0,0,9,256,8.328000,0.000000,11.891000
4200,1664949685.175215,235,256,0,256,179,0,0,22,256,8.153000,0.000000,11.700000
4201,1664949685.275215,236,256,0,256,181,0,0,20,256,8.204000,0.000000,11.811000
4202,1664949685.375215,240,256,0,256,186,0,0,18,256,8.183000,0.000000,11.806000
4203,1664949685.475215,241,256,0,256,184,0,0,16,256,8.154000,0.000000,12.092000
4204,1664949685.575215,234,256,0,256,174,0,0,25,256,9.528000,0.000000,13.927000
4205,1664949685.675215,234,256,0,256,174,0,0,23,256,9.573000,0.000000,15.066000
4206,1664949685.775215,226,256,0,256,165,0,0,31,256,8.147000,0.000000,11.749000
4207,1664949685.875215,230,256,0,256,166,0,0,31,256,7.919000,0.000000,11.799000
4208,1664949685.975215,235,256,0,256,165,0,0,23,256,7.685000,0.000000,11.196000
4209,1664949686.075215,237,256,0,256,167,0,0,20,256,8.006000,0.000000,11.878000
4210,1664949686.175215,240,256,0,256,172,0,0,16,256,7.878000,0.000000,11.517000
4211,1664949686.275215,232,256,0,256,175,0,0,26,256,9.288000,0.000000,13.691000
4212,1664949686.375215,231,256,0,256,163,0,0,26,256,9.518000,0.000000,14.300000
4213,1664949686.475215,228,256,0,256,176,0,0,30,256,8.920000,0.000000,13.677000
4214,1664949686.575215,235,256,0,256,174,0,0,23,256,8.243000,0.000000,11.924000
4215,1664949686.675207,230,256,0,256,169,0,0,31,256,8.046000,0.000000,11.493000
4216,1664949686.775199,231,256,0,256,178,0,0,26,256,8.274000,0.000000,11.822000
4217,1664949686.875192,227,256,0,256,168,0,0,32,256,8.250000,0.000000,12.023000
4218,1664949686.975187,226,256,0,256,175,0,0,33,256,8.483000,0.000000,12.216000
4219,1664949687.075182,218,256,0,256,172,0,0,41,256,8.326000,0.000000,12.108000
4220,1664949687.175178,224,256,0,256,176,0,0,33,256,7.961000,0.000000,11.876000
4221,1664949687.275175,225,256,0,256,177,0,0,34,256,8.006000,0.000000,11.689000
4222,1664949687.375172,223,256,0,256,172,0,0,34,256,7.887000,0.000000,11.678000
4223,1664949687.475169,222,256,0,256,166,0,0,35,256,8.276000,0.000000,12.003000
4224,1664949687.575167,224,256,0,256,162,0,0,35,256,7.879000,0.000000,11.347000
4225,1664949687.675164,218,256,0,256,160,0,0,42,256,8.294000,0.000000,11.710000
4226,1664949687.775163,222,256,0,256,146,0,0,35,256,8.192000,0.000000,11.760000
4227,1664949687.875161,216,256,0,256,168,0,0,43,256,8.283000,0.000000,11.784000
4228,1664949687.975159,234,256,0,256,164,0,0,23,256,8.171000,0.000000,11.799000
4229,1664949688.075158,234,256,0,256,174,0,0,23,256,7.878000,0.000000,11.498000
4230,1664949688.175156,234,256,0,256,168,0,0,25,256,8.007000,0.000000,11.736000
4231,1664949688.275155,230,256,0,256,168,0,0,26,256,9.345000,0.000000,13.611000
4232,1664949688.375153,219,256,0,256,178,0,0,37,256,8.917000,0.000000,12.753000
4233,1664949688.475151,222,256,0,256,182,0,0,35,256,8.392000,0.000000,12.027000
4234,1664949688.575148,239,256,0,256,189,0,0,19,256,8.234000,0.000000,11.910000
4235,1664949688.675147,247,256,0,256,194,0,0,10,256,8.003000,0.000000,11.391000
4236,1664949688.775147,244,256,0,256,195,0,0,12,256,7.891000,0.000000,11.500000
4237,1664949688.875147,249,256,0,256,190,0,0,8,256,8.155000,0.000000,11.722000
4238,1664949688.975147,243,256,0,256,187,0,0,17,256,8.358000,0.000000,11.873000
4239,1664949689.075147,236,256,0,256,188,0,0,21,256,8.352000,0.000000,12.046000
4240,1664949689.175147,230,256,0,256,186,0,0,26,256,7.886000,0.000000,11.561000
4241,1664949689.275147,231,256,0,256,185,0,0,27,256,8.227000,0.000000,11.702000
4242,1664949689.375147,234,256,0,256,189,0,0,23,256,8.246000,0.000000,11.603000
4243,1664949689.475147,235,256,0,256,193,0,0,22,256,8.025000,0.000000,11.565000
4244,1664949689.575147,239,256,0,256,187,0,0,19,256,8.320000,0.000000,11.946000
4245,1664949689.675147,243,256,0,256,193,0,0,14,256,7.860000,0.000000,11.543000
4246,1664949689.775142,239,256,0,256,191,0,0,17,256,8.302000,0.000000,11.924000
4247,1664949689.875136,234,256,0,256,187,0,0,24,256,9.147000,0.000000,13.638000
4248,1664949689.975131,239,256,0,256,197,0,0,17,256,9.740000,0.000000,14.627000
4249,1664949690.075127,238,256,0,256,193,0,0,22,256,8.362000,0.000000,12.104000
4250,1664949690.175123,239,256,0,256,195,0,0,18,256,8.131000,0.000000,12.150000
4251,1664949690.275121,237,256,0,256,186,0,0,19,256,8.301000,0.000000,12.088000
4252,1664949690.375118,241,256,0,256,185,0,0,17,256,8.331000,0.000000,12.023000
4253,1664949690.475116,243,256,0,256,180,0,0,14,256,8.153000,0.000000,11.861000
4254,1664949690.575114,232,256,0,256,182,0,0,25,256,8.003000,0.000000,11.900000
4255,1664949690.675112,227,256,0,256,183,0,0,32,256,8.302000,0.000000,12.196000
4256,1664949690.775111,228,256,0,256,187,0,0,29,256,8.297000,0.000000,12.038000
4257,1664949690.875110,235,256,0,256,174,0,0,23,256,8.167000,0.000000,11.970000
4258,1664949690.975109,232,256,0,256,184,0,0,25,256,8.169000,0.000000,11.728000
4259,1664949691.075108,232,256,0,256,187,0,0,25,256,8.293000,0.000000,11.897000
4260,1664949691.175107,238,256,0,256,180,0,0,20,256,8.492000,0.000000,12.264000
4261,1664949691.275106,238,256,0,256,180,0,0,19,256,8.217000,0.000000,11.916000
4262,1664949691.375106,233,256,0,256,189,0,0,26,256,8.187000,0.000000,11.691000
4263,1664949691.475106,239,256,0,256,184,0,0,18,256,8.304000,0.000000,11.902000
4264,1664949691.575105,232,256,0,256,188,0,0,25,256,8.268000,0.000000,12.064000
4265,1664949691.675105,237,256,0,256,188,0,0,19,256,8.182000,0.000000,11.913000
4266,1664949691.775104,240,256,0,256,181,0,0,18,256,8.318000,0.000000,12.119000
4267,1664949691.875104,243,256,0,256,188,0,0,13,256,8.160000,0.000000,12.058000
4268,1664949691.975104,244,256,0,256,180,0,0,14,256,8.156000,0.000000,11.773000
4269,1664949692.075104,245,256,0,256,165,0,0,15,256,8.309000,0.000000,11.848000
4270,1664949692.175104,240,256,0,256,171,0,0,16,256,8.234000,0.000000,11.994000
4271,1664949692.275104,237,256,0,256,173,0,0,21,256,8.288000,0.000000,11.872000
4272,1664949692.375104,236,256,0,256,168,0,0,20,256,8.281000,0.000000,11.891000
4273,1664949692.475104,235,256,0,256,161,0,0,22,256,8.164000,0.000000,11.717000
4274,1664949692.575104,232,256,0,256,158,0,0,25,256,8.220000,0.000000,11.852000
4275,1664949692.675104,231,256,0,256,150,0,0,28,256,8.238000,0.000000,11.932000
4276,1664949692.775104,225,256,0,256,149,0,0,32,256,7.655000,0.000000,11.338000
4277,1664949692.875104,234,256,0,256,149,0,0,24,256,8.243000,0.000000,11.949000
4278,1664949692.975104,233,256,0,256,140,0,0,27,256,8.001000,0.000000,11.831000
4279,1664949693.075104,235,256,0,256,156,0,0,22,256,8.224000,0.000000,11.835000
4280,1664949693.175104,232,256,0,256,163,0,0,26,256,8.240000,0.000000,12.035000
4281,1664949693.275104,224,256,0,256,159,0,0,34,256,8.313000,0.000000,12.029000
4282,1664949693.375104,225,256,0,256,155,0,0,34,256,7.882000,0.000000,11.673000
4283,1664949693.475104,235,256,0,256,154,0,0,23,256,8.322000,0.000000,12.174000
4284,1664949693.575104,244,256,0,256,157,0,0,13,256,8.290000,0.000000,11.961000
4285,1664949693.675104,245,256,0,256,159,0,0,11,256,8.154000,0.000000,11.815000
4286,1664949693.775104,248,256,0,256,158,0,0,8,256,7.697000,0.000000,11.423000
4287,1664949693.875104,249,256,0,256,157,0,0,9,256,7.888000,0.000000,11.660000
4288,1664949693.975104,248,256,0,256,151,0,0,8,256,8.232000,0.000000,11.816000
4289,1664949694.075104,247,256,0,256,157,0,0,9,256,7.983000,0.000000,11.584000
4290,1664949694.175104,247,256,0,256,154,0,0,9,256,8.313000,0.000000,11.851000
4291,1664949694.275104,247,256,0,256,156,0,0,9,256,8.229000,0.000000,11.771000
4292,1664949694.375104,247,256,0,256,156,0,0,9,256,7.667000,0.000000,11.073000
4293,1664949694.475104,247,256,0,256,159,0,0,9,256,7.919000,0.000000,11.829000
4294,1664949694.575104,247,256,0,256,161,0,0,9,256,7.643000,0.000000,11.450000
4295,1664949694.675104,247,256,0,256,160,0,0,9,256,8.335000,0.000000,11.697000
4296,1664949694.775104,247,256,0,256,158,0,0,9,256,7.981000,0.000000,11.667000
4297,1664949694.875104,247,256,0,256,160,0,0,9,256,8.465000,0.000000,12.177000
4298,1664949694.975104,247,256,0,256,161,0,0,10,256,7.974000,0.000000,11.408000
4299,1664949695.075104,246,256,0,256,159,0,0,10,256,8.091000,0.000000,11.394000
4300,1664949695.175104,246,256,0,256,161,0,0,10,256,8.297000,0.000000,11.560000
4301,1664949695.275104,246,256,0,256,160,0,0,10,256,8.277000,0.000000,11.853000
4302,1664949695.375104,246,256,0,256,157,0,0,10,256,8.126000,0.000000,11.545000
4303,1664949695.475104,245,256,0,256,155,0,0,11,256,7.669000,0.000000,11.052000
4304,1664949695.575104,245,256,0,256,149,0,0,11,256,8.273000,0.000000,11.834000
4305,1664949695.675104,245,256,0,256,152,0,0,11,256,8.336000,0.000000,11.850000
4306,1664949695.775104,245,256,0,256,154,0,0,11,256,8.285000,0.000000,11.576000
4307,1664949695.875104,245,256,0,256,151,0,0,11,256,7.848000,0.000000,11.279000
4308,1664949695.975104,245,256,0,256,153,0,0,11,256,7.961000,0.000000,11.090000
4309,1664949696.075104,245,256,0,256,156,0,0,11,256,8.242000,0.000000,11.304000
4310,1664949696.175104,245,256,0,256,151,0,0,11,256,8.026000,0.000000,11.419000
4311,1664949696.275104,245,256,0,256,155,0,0,11,256,8.156000,0.000000,11.423000
4312,1664949696.375104,245,256,0,256,157,0,0,11,256,7.937000,0.000000,11.684000
4313,1664949696.475104,245,256,0,256,163,0,0,11,256,8.244000,0.000000,11.815000
4314,1664949696.575104,245,256,0,256,155,0,0,11,256,8.190000,0.000000,11.784000
4315,1664949696.675104,245,256,0,256,157,0,0,11,256,7.832000,0.000000,11.670000
4316,1664949696.775104,245,256,0,256,157,0,0,11,256,7.656000,0.000000,10.928000
4317,1664949696.875104,244,256,0,256,164,0,0,12,256,7.661000,0.000000,11.242000
4318,1664949696.975104,245,256,0,256,158,0,0,11,256,8.235000,0.000000,11.561000
4319,1664949697.075104,244,256,0,256,159,0,0,12,256,7.655000,0.000000,11.012000
4320,1664949697.175104,245,256,0,256,161,0,0,11,256,7.637000,0.000000,10.979000
4321,1664949697.275104,245,256,0,256,160,0,0,11,256,7.952000,0.000000,11.193000
4322,1664949697.375104,245,256,0,256,156,0,0,11,256,8.277000,0.000000,11.739000
4323,1664949697.475104,243,256,0,256,161,0,0,13,256,7.720000,0.000000,11.044000
4324,1664949697.575104,244,256,0,256,158,0,0,12,256,8.188000,0.000000,11.395000
4325,1664949697.675104,243,256,0,256,158,0,0,13,256,7.833000,0.000000,11.132000
4326,1664949697.775104,242,256,0,256,161,0,0,14,256,7.689000,0.000000,11.055000
